93,1,671.00,608.00,96.00,102.00,0.85
94,1,667.00,605.60,94.40,102.80,0.86
95,1,657.70,606.68,94.86,106.03,0.86
96,1,652.30,610.10,92.68,104.07,0.78
100,1,628.21,629.28,82.52,86.05,0.73
101,1,624.35,634.55,80.23,82.24,0.54
102,1,620.38,638.88,78.86,76.87,0.51
110,1,612.62,637.62,73.14,78.84,0.67
111,1,612.16,635.94,74.36,80.47,0.72
112,1,611.95,633.40,76.06,82.34,0.79
113,1,611.29,631.13,77.35,84.34,0.79
114,1,612.43,628.96,77.84,87.68,0.80
115,1,611.62,625.56,79.34,90.22,0.79
116,1,610.71,622.97,81.21,93.11,0.82
117,1,610.41,619.41,82.56,95.48,0.79
118,1,608.39,616.77,85.67,98.28,0.74
119,1,605.07,613.21,88.78,101.90,0.83
120,1,603.18,608.03,89.95,106.46,0.79
121,1,600.56,602.86,90.37,110.10,0.86
122,1,599.61,599.60,89.84,114.02,0.86
123,1,598.00,596.48,89.60,116.14,0.83
125,1,592.71,589.93,93.18,118.11,0.64
126,1,589.08,586.82,96.48,116.69,0.76
127,1,585.20,585.08,99.61,116.18,0.83
128,1,581.81,583.16,102.09,114.68,0.88
129,1,579.92,581.17,104.32,114.12,0.90
130,1,579.25,581.15,105.15,112.60,0.90
131,1,579.72,581.21,106.08,112.04,0.90
132,1,579.32,581.29,108.35,111.85,0.90
133,1,579.86,582.69,107.89,111.80,0.89
134,1,580.79,583.26,106.35,111.80,0.89
135,1,579.89,583.51,105.73,111.81,0.89
136,1,578.93,581.64,103.49,112.49,0.89
150,1,539.46,564.10,102.03,120.85,0.89
151,1,537.68,563.64,101.98,120.45,0.89
152,1,535.74,563.49,101.96,120.30,0.89
153,1,535.11,563.47,101.95,120.23,0.89
154,1,534.97,563.51,101.96,120.19,0.90
155,1,534.33,564.21,103.29,119.50,0.90
156,1,534.16,564.51,103.79,119.23,0.90
157,1,534.17,564.65,104.64,119.79,0.90
158,1,534.23,564.72,104.95,119.99,0.90
159,1,534.31,564.77,105.06,120.06,0.90
160,1,534.38,564.80,104.43,119.42,0.89
161,1,535.12,564.82,102.87,119.17,0.89
162,1,536.10,564.18,101.60,119.73,0.89
163,1,536.50,563.29,101.14,119.28,0.88
164,1,536.01,562.97,101.63,119.11,0.89
168,1,533.98,564.60,101.06,119.01,0.88
169,1,533.83,565.54,101.00,119.00,0.88
170,1,533.77,565.86,100.99,119.00,0.89
171,1,535.09,565.97,100.98,119.00,0.88
172,1,535.61,566.01,100.98,119.00,0.89
173,1,535.81,566.03,100.98,119.00,0.89
174,1,534.57,566.03,100.98,119.00,0.89
175,1,533.45,566.03,102.31,119.00,0.90
176,1,532.38,566.03,101.49,119.00,0.89
177,1,531.32,565.36,101.17,119.66,0.89
178,1,529.62,563.79,101.72,119.91,0.90
179,1,528.34,562.54,102.58,120.00,0.90
180,1,527.22,562.08,104.22,120.03,0.90
181,1,524.85,562.57,106.15,119.38,0.91
182,2,165.00,306.00,99.00,116.00,0.74
183,2,172.20,307.60,104.60,124.80,0.66
183,1,526.93,565.92,107.69,116.74,0.91
184,2,175.83,307.15,117.77,142.26,0.85
184,1,527.54,568.07,111.29,114.10,0.90
185,2,183.63,311.28,131.86,160.74,0.81
185,1,527.11,572.85,117.12,109.16,0.90
186,2,189.88,314.22,141.58,180.89,0.88
186,1,527.60,577.98,121.26,104.65,0.88
187,2,200.78,324.42,144.18,194.16,0.77
187,1,527.15,581.84,127.34,102.38,0.87
188,2,212.15,345.88,145.32,198.23,0.87
188,1,532.09,582.50,129.03,100.26,0.85
189,2,221.56,376.49,142.73,190.07,0.81
189,1,537.28,580.63,126.41,106.34,0.90
190,2,236.18,409.63,132.03,177.39,0.83
190,1,542.58,579.30,122.03,110.49,0.91
191,2,255.69,438.71,117.97,161.16,0.73
191,1,545.23,578.09,118.97,113.41,0.91
192,2,277.73,468.11,101.37,142.96,0.85
192,1,544.18,576.94,118.46,115.19,0.91
193,2,302.12,497.53,84.63,122.74,0.79
193,1,545.08,575.82,115.62,116.52,0.90
194,2,324.22,523.25,69.55,101.85,0.81
194,1,544.70,572.76,112.52,117.01,0.90
195,2,347.66,548.27,56.03,78.64,0.67
195,1,536.47,568.31,114.06,117.84,0.79
196,2,376.99,584.19,45.59,45.88,0.74
196,1,527.48,564.00,113.30,118.79,0.69
197,2,401.95,597.99,37.80,35.57,0.65
197,1,518.77,558.45,107.71,123.06,0.60
198,2,422.27,605.57,34.01,32.75,0.64
198,1,508.76,553.14,100.86,126.60,0.71
199,2,435.10,611.06,35.79,31.40,0.54
200,2,446.68,616.67,33.98,30.55,0.56
201,1,479.94,561.54,82.69,127.97,0.54
203,3,778.00,552.00,136.00,68.00,0.78
204,3,775.60,547.20,135.20,67.20,0.72
205,3,775.14,543.95,135.05,66.27,0.61
206,3,775.76,542.88,134.21,65.18,0.67
207,3,775.22,541.13,133.96,65.64,0.60
208,3,775.04,539.91,133.17,66.53,0.62
209,3,775.69,538.85,131.50,68.26,0.64
210,3,776.62,538.53,129.54,69.56,0.63
211,3,776.26,538.47,128.88,74.07,0.70
212,3,775.43,541.75,128.68,76.38,0.63
212,1,430.52,572.67,91.79,141.61,0.55
213,3,775.81,544.39,128.65,77.23,0.59
213,1,431.11,579.80,88.89,136.18,0.60
214,3,775.95,547.39,128.66,76.19,0.64
214,1,434.13,594.98,85.15,120.90,0.73
215,1,432.12,588.91,83.73,126.82,0.75
216,1,428.84,588.21,85.21,126.82,0.69
216,3,775.16,552.01,128.81,74.69,0.53
217,1,423.78,600.47,89.71,112.90,0.72
217,3,774.95,554.42,129.65,74.82,0.57
218,1,416.78,603.03,95.93,109.60,0.69
218,3,774.88,556.57,129.94,75.53,0.62
219,1,411.61,606.58,97.04,103.06,0.70
219,3,777.52,557.99,128.06,74.48,0.72
220,1,411.68,609.80,90.30,92.48,0.72
220,3,785.19,557.80,120.67,72.76,0.58
221,1,401.93,609.32,90.91,90.33,0.69
222,1,397.18,607.01,89.80,93.90,0.77
223,1,388.94,603.48,93.33,95.87,0.79
224,1,380.77,602.10,95.29,97.37,0.82
225,1,377.15,600.22,94.07,97.33,0.84
226,1,373.35,596.83,95.53,101.38,0.80
226,3,645.61,560.27,260.54,150.48,0.59
227,1,371.42,595.57,96.72,103.55,0.61
227,3,634.65,562.06,271.55,156.09,0.57
228,3,634.03,564.12,272.16,155.77,0.70
229,3,634.98,564.96,269.97,155.92,0.64
230,1,371.50,596.59,100.43,104.73,0.54
231,1,373.55,597.48,101.58,104.96,0.70
231,3,752.34,562.45,140.83,99.32,0.73
232,1,377.57,600.43,98.70,103.06,0.76
233,1,381.88,603.53,96.26,99.68,0.81
234,1,384.23,607.37,96.01,96.40,0.79
235,1,385.79,610.78,95.27,93.87,0.78
236,1,386.41,613.34,95.00,88.92,0.68
237,1,386.66,616.28,94.91,85.10,0.65
238,1,385.45,618.64,97.53,81.74,0.54
239,1,384.35,620.10,99.17,78.55,0.52
241,1,383.10,624.47,106.07,71.27,0.50
286,4,119.00,264.00,171.00,191.00,0.71
287,4,128.60,267.20,191.80,232.60,0.73
288,4,145.22,268.50,216.44,280.52,0.74
289,4,167.84,280.56,242.75,329.21,0.88
290,4,200.48,287.43,258.89,381.83,0.91
291,4,239.27,317.69,254.92,392.48,0.91
292,4,279.10,367.05,237.31,361.26,0.91
293,4,317.60,420.34,211.10,310.23,0.90
294,4,347.58,467.62,186.84,262.28,0.92
295,4,378.51,500.90,156.05,224.35,0.90
296,4,400.81,521.43,128.68,202.01,0.90
297,4,413.96,532.57,106.26,189.23,0.90
298,4,424.46,539.39,84.18,182.55,0.88
299,4,427.72,547.88,75.45,173.55,0.87
300,4,427.17,556.20,82.58,164.47,0.81
301,4,427.41,568.88,87.68,151.81,0.81
303,4,427.43,590.58,100.78,128.89,0.87
304,4,429.17,598.58,103.24,120.31,0.88
305,4,432.90,605.82,100.85,111.98,0.85
306,4,432.86,611.34,102.38,106.49,0.86
307,4,432.75,612.78,103.54,104.85,0.82
308,4,433.90,610.17,107.82,106.56,0.83
309,4,438.12,603.57,113.90,113.44,0.84
310,4,448.62,588.50,124.50,128.55,0.84
311,4,464.57,574.61,122.97,143.08,0.90
312,4,481.32,560.85,114.39,156.41,0.88
313,4,494.99,547.80,112.80,164.25,0.88
314,4,505.78,536.22,110.19,164.81,0.86
315,4,514.23,526.54,109.14,166.15,0.86
316,4,523.10,519.02,107.37,169.78,0.87
317,4,533.46,514.94,105.34,166.61,0.85
318,4,547.05,518.08,101.21,159.34,0.88
319,4,562.56,530.09,97.63,149.12,0.84
