184,1,910.00,372.00,90.00,101.00,0.72
185,1,910.80,372.00,90.80,105.00,0.78
186,1,911.72,372.00,91.72,111.09,0.60
187,1,912.81,370.50,92.03,117.71,0.75
188,1,905.66,369.27,100.32,125.56,0.77
189,1,902.61,370.91,105.10,135.72,0.80
190,1,903.58,376.17,106.08,143.31,0.81
191,1,907.43,384.76,104.92,149.93,0.72
192,1,910.98,393.30,103.67,158.73,0.80
193,1,913.00,408.72,102.43,162.63,0.76
194,1,918.45,425.72,97.87,165.19,0.80
195,1,923.21,439.38,94.73,169.80,0.83
196,1,924.22,449.69,92.20,177.82,0.84
197,1,927.24,462.45,87.89,182.07,0.87
198,1,928.96,474.33,84.26,183.54,0.86
199,1,934.31,487.77,76.13,183.24,0.85
200,1,938.96,498.56,69.73,182.25,0.86
201,1,939.72,504.39,69.11,186.23,0.87
202,1,937.83,509.61,71.04,192.79,0.87
203,1,935.07,516.53,67.05,193.28,0.85
204,1,929.76,518.92,65.68,197.16,0.75
205,1,924.45,518.31,65.27,197.88,0.87
206,1,918.47,520.38,65.20,197.35,0.85
207,1,910.93,523.53,65.92,195.69,0.88
208,1,900.18,525.82,68.92,192.95,0.88
209,1,892.36,528.43,69.38,191.13,0.90
210,1,884.87,531.20,70.26,187.05,0.90
211,1,876.92,534.68,71.27,183.43,0.89
212,1,872.10,539.12,71.00,179.37,0.88
213,1,867.81,543.26,69.59,173.81,0.87
214,1,863.07,547.28,71.07,171.06,0.88
215,1,857.49,551.26,71.62,167.39,0.88
216,1,852.92,556.58,73.81,162.03,0.88
217,1,848.07,562.40,77.90,156.72,0.88
218,1,843.12,566.36,79.45,151.46,0.89
219,1,838.13,569.63,80.68,148.29,0.88
220,1,833.77,571.98,83.73,145.21,0.87
221,1,829.66,576.05,84.88,141.48,0.86
222,1,827.58,578.70,84.00,138.89,0.85
223,1,826.98,579.49,82.31,137.39,0.85
224,1,826.93,582.34,82.95,134.92,0.85
225,1,826.37,583.22,83.83,134.13,0.85
226,1,827.59,582.07,84.80,134.62,0.85
227,1,829.48,582.88,84.49,134.21,0.85
228,1,830.33,583.74,83.69,133.47,0.85
229,1,830.74,583.97,81.39,132.60,0.86
230,1,829.66,583.97,85.83,133.01,0.87
231,1,827.99,584.56,90.68,132.55,0.88
232,1,826.75,585.39,91.90,131.10,0.88
233,1,823.74,589.64,91.69,127.27,0.86
234,1,821.33,595.19,90.26,121.19,0.86
235,1,816.54,601.92,91.64,114.94,0.86
236,1,811.53,607.66,94.10,109.35,0.77
237,1,809.68,611.65,76.85,104.04,0.76
238,1,808.51,615.68,67.47,100.22,0.77
239,1,808.22,616.95,63.01,99.72,0.74
240,1,807.50,616.60,63.74,99.65,0.64
241,1,805.24,616.36,65.41,100.42,0.67
242,1,803.13,616.18,67.42,100.79,0.70
243,1,803.09,616.02,67.53,101.00,0.70
244,1,803.83,615.89,62.94,100.48,0.76
245,1,802.15,616.45,62.61,99.69,0.71
246,1,800.93,619.27,60.50,96.77,0.74
247,1,799.86,620.93,56.37,96.42,0.81
248,1,800.25,621.49,55.63,95.68,0.81
249,1,800.42,622.97,54.05,93.45,0.68
250,1,798.47,627.50,60.41,89.31,0.63
251,1,797.79,627.73,83.27,89.22,0.75
252,1,797.49,627.77,67.12,87.22,0.61
253,1,796.85,629.06,56.38,83.85,0.73
254,1,797.39,630.83,53.25,83.37,0.82
255,1,796.20,632.76,51.55,82.58,0.84
256,1,792.38,634.76,48.91,78.32,0.76
257,1,789.66,635.42,47.30,72.02,0.74
258,1,787.37,636.96,46.77,73.37,0.73
259,1,784.57,637.46,45.94,75.88,0.75
260,1,782.26,640.26,45.00,69.52,0.70
261,1,779.45,644.71,44.02,67.87,0.68
262,1,776.47,648.93,43.70,65.98,0.76
263,1,772.09,652.42,44.30,52.37,0.73
264,1,769.90,656.45,44.55,48.97,0.72
265,1,767.17,659.03,44.66,47.31,0.76
266,1,765.58,661.19,44.73,46.90,0.76
267,1,763.75,662.52,44.11,46.87,0.73
268,1,762.50,662.89,43.89,46.96,0.72
269,1,761.45,662.92,44.49,47.08,0.73
270,1,760.47,662.86,43.41,47.20,0.71
271,1,759.53,664.12,43.01,47.97,0.73
272,1,757.24,664.53,42.87,48.97,0.76
273,1,754.47,665.30,43.51,48.71,0.77
274,1,751.51,667.53,43.75,47.98,0.80
275,1,748.49,668.30,44.51,47.74,0.78
276,1,744.14,669.21,44.15,47.01,0.72
277,1,738.59,669.49,45.34,46.77,0.67
278,1,733.98,668.88,45.13,47.38,0.64
279,1,729.69,669.28,44.39,46.96,0.67
280,1,724.87,668.72,44.10,47.49,0.67
281,1,719.87,669.15,44.00,47.04,0.75
282,1,714.15,668.62,45.29,47.55,0.74
283,1,708.84,668.40,45.78,47.75,0.69
284,1,701.70,668.29,47.27,47.84,0.62
285,1,695.21,668.90,47.18,47.22,0.64
286,1,689.60,669.11,47.79,46.33,0.64
287,1,684.35,670.51,46.71,44.67,0.64
288,1,679.23,673.70,45.62,42.04,0.63
289,1,674.84,677.59,45.20,39.73,0.71
290,1,670.72,679.63,45.05,37.56,0.71
291,1,667.37,681.68,44.33,34.76,0.61
292,1,663.63,685.14,44.06,31.72,0.56
293,1,660.42,687.68,44.64,28.61,0.53
294,1,658.70,689.15,45.51,26.94,0.55
342,2,795.00,631.00,79.00,84.00,0.76
343,2,797.40,628.60,83.80,87.20,0.83
344,2,803.15,623.57,84.71,93.14,0.84
345,2,809.77,619.58,83.49,95.96,0.85
346,2,813.22,618.36,83.82,96.74,0.87
347,2,814.87,617.40,83.94,96.85,0.87
348,2,815.96,616.48,84.68,98.18,0.87
349,2,819.64,616.23,82.19,98.58,0.86
350,2,820.83,616.23,82.65,99.33,0.86
351,2,820.46,615.63,83.51,100.22,0.85
352,2,818.88,614.79,86.51,101.16,0.85
353,2,820.87,611.87,86.31,104.12,0.85
354,2,822.21,610.81,86.87,105.19,0.86
355,2,822.65,607.84,88.40,108.17,0.86
356,2,824.07,605.45,88.30,109.91,0.87
357,2,823.89,603.93,88.90,112.48,0.86
358,2,823.77,602.11,89.12,114.06,0.86
359,2,823.67,600.16,89.18,116.56,0.87
360,2,824.25,599.46,88.53,117.47,0.87
361,2,823.76,598.61,88.93,117.10,0.87
362,2,823.54,597.69,88.41,117.55,0.87
363,2,823.43,598.04,87.54,117.66,0.87
364,2,822.03,600.85,87.21,115.04,0.88
365,2,825.46,607.29,83.77,108.68,0.87
366,2,834.14,617.86,80.44,98.13,0.78
367,2,852.19,632.19,75.17,83.12,0.69
368,2,887.61,649.50,51.95,53.25,0.60
369,2,912.40,662.41,42.45,43.54,0.59
491,3,1086.00,604.00,49.00,74.00,0.71
492,3,1086.80,581.60,50.60,68.40,0.76
493,3,1088.48,557.42,50.91,60.18,0.82
494,3,1088.28,520.83,53.33,55.19,0.81
495,3,1088.18,481.08,51.91,57.41,0.84
496,3,1086.67,444.69,51.33,61.73,0.81
497,3,1079.78,409.74,54.66,69.48,0.83
498,3,1072.70,379.92,55.81,74.27,0.84
499,3,1064.72,361.13,56.88,74.16,0.78
500,3,1054.50,353.52,58.58,67.40,0.83
501,3,1048.78,349.44,57.88,59.12,0.66
539,4,1184.00,351.00,95.00,84.00,0.78
540,4,1149.60,354.20,129.40,102.40,0.87
541,4,1117.24,357.66,161.07,120.15,0.89
542,4,1084.75,381.10,184.08,118.83,0.87
543,4,1054.83,416.20,191.17,105.99,0.82
544,4,1029.13,455.34,209.39,95.01,0.84
545,4,1009.43,485.50,219.35,101.84,0.85
546,4,997.20,515.46,217.08,106.66,0.70
662,5,1033.00,557.00,166.00,141.00,0.78
663,5,1027.40,557.00,182.00,126.60,0.58
664,5,1023.36,522.72,190.97,136.49,0.81
665,5,1019.65,480.89,191.24,147.92,0.88
666,5,1017.05,439.67,199.85,157.27,0.88
667,5,1016.26,399.23,198.45,169.23,0.89
668,5,1022.38,361.38,176.83,174.73,0.90
669,5,1032.05,343.61,146.20,163.26,0.90
670,5,1058.74,341.27,105.11,127.38,0.89
671,5,1066.67,349.53,80.39,78.81,0.63
672,5,1070.55,353.30,60.63,54.87,0.73
673,5,1080.41,353.66,51.71,41.21,0.54
709,6,1071.00,354.00,78.00,112.00,0.81
710,6,1051.00,357.20,85.20,140.80,0.75
711,6,1020.30,356.34,97.03,172.35,0.84
712,6,979.81,385.49,110.64,180.26,0.80
713,6,940.17,428.11,114.18,174.71,0.89
714,6,896.91,472.44,121.05,156.36,0.87
715,6,857.82,533.99,107.64,105.99,0.70
716,6,846.34,554.81,86.77,73.77,0.83
717,7,860.00,537.00,69.00,66.00,0.86
718,7,856.80,524.20,90.60,106.80,0.81
719,7,847.80,523.41,97.91,106.93,0.52
720,7,839.10,529.51,123.77,117.05,0.89
721,7,837.83,538.48,119.91,119.26,0.83
722,7,839.94,547.98,101.98,116.53,0.71
723,7,840.52,562.32,79.81,98.92,0.61
724,7,837.23,576.02,74.26,107.31,0.86
725,7,832.68,586.39,70.52,110.53,0.79
726,7,826.27,596.67,65.80,115.07,0.82
727,7,819.23,605.54,61.48,106.93,0.50
728,7,814.95,613.89,58.05,98.14,0.62
729,7,810.87,621.32,55.64,63.74,0.67
732,7,801.15,627.10,54.71,55.25,0.51
733,7,799.50,627.87,55.70,54.21,0.59
737,7,796.29,625.18,54.23,52.14,0.53
738,7,797.34,623.15,55.41,54.82,0.56
739,7,796.97,621.86,55.12,52.36,0.68
740,7,794.94,619.31,57.68,77.83,0.60
741,7,794.23,618.49,57.97,90.17,0.59
742,7,790.77,616.92,65.29,97.59,0.53
743,7,788.23,615.03,69.88,99.44,0.56
744,7,784.76,614.24,74.86,96.92,0.56
745,7,784.06,615.85,69.29,75.32,0.51
746,7,782.62,618.68,66.16,65.10,0.54
748,7,781.28,621.43,68.52,74.82,0.53
749,7,781.93,623.32,70.90,85.12,0.58
750,7,782.82,624.04,67.85,77.14,0.60
751,7,783.25,624.94,68.63,82.15,0.62
752,7,784.09,625.90,68.26,83.92,0.66
753,7,785.10,628.83,64.81,76.17,0.57
754,7,786.88,630.63,62.81,77.64,0.62
755,7,788.89,631.25,62.78,78.81,0.58
756,7,792.30,632.76,64.11,79.22,0.63
757,7,794.88,633.95,63.96,78.69,0.66
758,7,797.84,633.70,63.25,79.12,0.70
759,7,799.59,633.57,67.65,79.91,0.75
760,7,800.86,632.83,69.26,81.50,0.77
761,7,803.27,631.87,71.18,83.39,0.83
762,7,807.40,630.83,73.85,82.14,0.75
763,7,812.18,632.37,74.86,80.95,0.82
764,7,815.29,631.62,71.34,69.89,0.59
765,7,817.07,630.59,67.25,60.63,0.66
767,7,818.60,628.36,62.31,57.32,0.60
771,8,911.00,543.00,35.00,43.00,0.78
771,7,825.83,614.94,70.06,65.17,0.62
772,8,909.40,553.40,36.60,43.00,0.70
777,7,884.27,602.17,35.78,40.93,0.74
778,7,890.87,600.88,33.87,39.80,0.75
779,7,898.44,593.98,35.55,39.40,0.59
780,7,913.43,581.88,35.39,41.46,0.73
781,7,932.53,568.26,37.57,43.57,0.73
785,9,1027.00,371.00,69.00,173.00,0.71
785,8,869.15,524.10,138.62,97.81,0.85
786,9,1051.00,360.60,64.20,158.60,0.64
786,8,863.60,508.03,151.06,109.46,0.86
787,8,858.51,485.78,166.96,117.45,0.88
788,8,881.10,461.67,154.89,115.95,0.89
789,8,897.69,434.12,153.30,108.24,0.82
790,8,899.14,405.77,168.86,93.96,0.83
870,10,888.00,368.00,159.00,83.00,0.75
871,10,885.60,388.00,145.40,83.00,0.87
872,10,883.54,412.66,144.29,83.00,0.85
873,10,873.40,447.37,150.28,79.11,0.86
874,10,864.45,485.68,155.08,74.06,0.80
875,10,860.94,521.80,155.18,69.59,0.79
876,10,857.94,557.60,152.24,65.37,0.69
877,10,850.90,592.44,152.45,61.26,0.52
