257,1,449.00,312.00,182.00,124.00,0.72
258,1,429.00,310.40,201.20,132.00,0.75
259,1,426.02,310.10,207.02,143.33,0.71
260,1,415.88,311.46,215.93,157.68,0.71
261,1,473.93,311.96,157.39,168.11,0.56
262,1,376.11,312.12,255.79,176.33,0.85
263,1,348.91,310.18,283.15,183.05,0.90
264,1,336.71,309.40,296.64,191.17,0.91
265,1,331.36,310.40,303.79,192.73,0.92
266,1,328.72,310.80,307.79,195.54,0.92
267,1,326.43,312.25,318.88,199.59,0.92
268,1,324.08,312.17,324.08,208.03,0.92
269,1,323.71,312.77,324.90,211.12,0.93
270,1,324.10,313.00,325.26,213.34,0.93
271,1,324.07,313.08,325.54,214.62,0.92
272,1,326.41,313.11,324.54,210.99,0.92
273,1,329.65,313.76,323.07,208.02,0.92
274,1,331.89,313.34,320.81,204.07,0.92
275,1,333.05,312.52,319.60,203.06,0.91
276,1,334.39,312.20,317.54,200.60,0.91
277,1,335.12,310.75,316.49,199.56,0.92
278,1,336.90,312.19,313.24,195.12,0.92
279,1,343.03,312.74,304.54,188.69,0.90
280,1,350.86,311.60,307.70,186.24,0.85
281,1,371.61,311.18,299.57,181.33,0.58
282,1,408.99,313.05,266.29,164.69,0.72
284,1,441.44,313.60,232.58,147.51,0.71
285,1,451.01,312.88,215.19,128.77,0.61
288,1,454.79,311.26,212.55,113.48,0.68
289,1,447.48,309.71,212.30,106.17,0.57
290,1,500.08,309.27,136.89,97.58,0.52
291,1,516.04,310.67,111.87,84.07,0.57
461,2,876.00,581.00,86.00,132.00,0.72
462,2,883.20,587.40,78.00,114.40,0.60
463,2,890.99,588.69,69.26,94.74,0.56
464,2,885.77,583.85,74.19,119.62,0.67
465,2,895.56,583.35,64.33,100.73,0.60
468,2,880.67,581.63,81.37,127.54,0.55
469,2,878.65,581.34,83.23,131.65,0.60
800,3,435.00,310.00,84.00,84.00,0.72
801,3,424.60,312.40,92.00,108.80,0.86
802,3,417.42,312.12,97.98,123.78,0.79
803,3,403.69,311.31,107.57,140.30,0.79
804,3,397.63,310.33,113.60,160.42,0.84
805,3,399.83,310.59,110.13,179.58,0.82
806,3,392.22,312.59,119.43,198.95,0.82
807,3,399.37,323.94,112.89,210.30,0.81
808,3,395.95,316.92,116.62,242.49,0.90
809,3,395.44,314.10,117.25,269.83,0.88
810,3,403.32,312.87,110.76,288.31,0.84
811,3,414.70,317.85,99.28,309.04,0.83
812,3,423.94,318.07,92.09,315.99,0.82
813,3,430.63,357.36,92.40,315.73,0.80
814,3,433.57,362.04,110.89,310.58,0.74
815,3,427.77,373.38,134.85,320.72,0.84
816,3,424.78,384.66,148.20,314.89,0.86
817,3,417.27,394.85,163.63,301.58,0.91
818,3,413.53,404.53,179.66,283.33,0.79
819,3,408.93,413.33,192.87,271.21,0.85
820,3,403.94,422.40,207.99,261.77,0.81
821,3,400.06,430.89,223.84,252.05,0.61
822,3,396.64,437.80,239.98,242.24,0.75
823,3,392.18,445.47,251.94,233.15,0.81
824,3,396.58,454.10,250.37,225.08,0.79
825,3,398.45,456.92,249.32,218.81,0.92
826,3,398.57,465.15,249.92,207.10,0.92
827,3,395.43,490.59,252.47,156.71,0.84
828,3,376.26,522.89,251.33,124.63,0.89
829,3,358.41,543.89,249.32,109.27,0.90
830,3,336.62,554.31,248.97,102.69,0.84
831,3,316.02,550.67,244.09,136.09,0.88
832,3,291.86,543.76,234.76,153.01,0.90
833,3,261.67,533.18,229.70,164.82,0.89
834,3,237.47,524.73,235.06,172.77,0.89
836,3,214.54,520.19,235.45,172.86,0.87
837,3,215.18,523.38,219.50,158.75,0.81
838,3,221.35,523.01,202.17,143.46,0.83
839,3,227.54,523.37,189.14,129.74,0.84
840,3,230.07,523.31,185.45,127.24,0.86
841,3,229.09,523.23,185.02,131.33,0.82
842,3,228.24,521.79,183.68,132.18,0.86
843,3,228.12,522.51,182.69,132.62,0.84
844,3,228.24,524.04,183.15,130.87,0.81
845,3,228.41,523.19,182.10,132.33,0.85
846,3,227.26,520.84,182.50,133.58,0.80
848,3,228.89,519.65,185.55,134.42,0.59
849,3,230.75,519.21,184.71,134.89,0.79
850,3,233.48,518.40,183.06,136.37,0.83
851,3,234.59,517.43,181.76,136.92,0.88
852,3,233.74,515.10,180.61,137.11,0.87
853,3,232.81,512.25,178.84,137.17,0.88
854,3,229.85,510.52,180.18,135.20,0.89
855,3,227.47,507.91,180.03,133.77,0.89
856,3,225.97,502.32,179.31,133.90,0.91
857,3,224.80,496.96,179.05,137.26,0.91
858,3,226.41,495.66,178.29,136.55,0.90
859,3,227.07,491.28,181.33,139.56,0.90
860,3,228.67,489.04,183.13,140.68,0.89
861,3,230.63,488.27,184.46,142.40,0.90
862,3,231.40,485.43,184.96,145.00,0.89
863,3,229.73,482.46,182.50,149.88,0.84
864,3,225.79,477.50,181.55,150.42,0.86
865,3,215.73,467.83,186.48,157.10,0.83
866,3,206.12,455.22,197.47,182.78,0.80
867,3,198.02,443.66,217.07,223.25,0.82
868,3,193.04,434.81,235.94,250.39,0.82
868,4,523.00,355.00,93.00,76.00,0.85
869,3,192.38,426.91,249.69,270.40,0.82
869,4,541.40,387.00,100.20,89.60,0.88
870,3,195.37,420.07,252.59,283.46,0.65
870,4,523.05,427.86,148.94,111.05,0.88
871,3,203.74,418.64,255.44,288.58,0.83
871,4,510.69,473.18,159.84,130.07,0.83
872,3,217.37,423.90,242.28,285.31,0.75
872,4,499.83,510.56,144.12,151.74,0.87
873,3,237.38,431.95,214.36,232.00,0.69
873,4,485.17,533.83,123.10,162.77,0.89
874,3,261.54,442.69,201.32,195.10,0.78
874,4,469.83,554.76,106.47,162.93,0.80
875,3,288.37,451.51,191.28,180.81,0.89
875,4,462.50,572.77,88.14,156.37,0.70
875,5,909.00,565.00,67.00,86.00,0.70
876,3,320.40,460.04,176.77,175.44,0.78
876,4,456.54,590.28,82.84,141.91,0.73
876,5,911.40,564.20,65.40,83.60,0.67
877,3,344.82,471.29,171.64,169.52,0.88
877,4,452.87,604.19,82.84,126.77,0.58
877,5,911.87,564.04,65.09,83.13,0.72
878,3,361.16,473.89,160.35,175.14,0.86
878,4,448.43,607.85,90.03,120.70,0.52
878,5,909.67,564.78,66.55,83.76,0.74
879,3,371.90,475.42,149.52,176.50,0.85
879,5,908.98,565.76,67.01,83.97,0.74
880,3,385.54,475.22,142.49,169.04,0.84
880,5,908.79,566.06,67.14,84.03,0.75
881,5,909.46,566.15,66.46,82.64,0.72
882,5,909.73,566.15,66.19,82.13,0.74
883,5,910.53,565.45,64.72,81.96,0.73
884,5,908.78,565.87,65.55,81.91,0.73
885,5,908.15,564.66,65.85,83.26,0.73
886,5,907.93,563.54,65.96,84.43,0.76
887,5,907.86,562.46,66.00,85.53,0.76
888,5,907.85,562.06,66.68,86.60,0.75
889,5,908.52,562.58,64.95,85.01,0.68
890,5,908.79,562.79,64.28,83.72,0.64
891,5,908.89,562.88,64.04,83.24,0.66
892,5,908.94,562.92,64.62,84.39,0.69
893,5,908.96,562.94,64.84,84.82,0.68
894,5,907.64,562.29,65.59,86.30,0.72
895,5,907.15,562.04,66.53,87.51,0.73
896,5,907.63,561.96,66.23,86.65,0.59
897,5,907.82,561.93,66.11,86.30,0.62
898,5,907.90,561.93,66.06,86.82,0.67
899,5,907.93,561.93,66.70,87.01,0.67
900,5,909.92,561.94,66.28,87.08,0.73
901,5,910.68,561.94,65.46,86.43,0.70
902,5,911.63,561.95,65.14,86.18,0.68
903,5,911.97,562.62,65.03,84.76,0.66
904,5,912.75,562.87,64.98,84.22,0.72
905,5,913.04,562.97,64.97,84.02,0.76
906,5,913.13,563.00,64.97,83.96,0.74
907,5,913.81,563.01,64.97,83.27,0.72
908,5,912.73,563.02,65.64,83.69,0.76
909,5,912.32,563.02,65.89,83.19,0.74
910,5,913.47,563.02,65.32,83.00,0.76
911,5,913.90,563.01,65.10,82.94,0.71
912,5,912.73,563.01,65.69,83.59,0.76
913,5,912.29,563.01,65.90,83.83,0.76
914,5,910.13,562.35,67.96,85.91,0.77
915,5,909.33,562.10,68.73,86.69,0.78
916,5,909.02,562.01,69.02,86.33,0.77
917,5,908.92,561.98,69.12,86.84,0.77
918,5,910.86,560.65,67.17,85.71,0.75
919,5,913.61,560.15,66.41,85.27,0.73
920,5,914.63,559.97,65.47,85.10,0.70
921,5,915.66,559.91,65.78,85.03,0.63
922,5,916.03,559.90,65.90,85.01,0.53
