65,1,503.00,442.00,38.00,68.00,0.71
66,1,503.00,442.80,37.20,68.00,0.68
67,1,503.00,448.35,37.04,62.60,0.65
68,1,501.44,455.85,36.99,54.34,0.63
69,1,501.71,456.81,35.48,53.17,0.64
70,1,501.09,452.42,36.47,57.51,0.64
71,1,500.90,451.04,36.81,58.88,0.66
72,1,500.86,450.48,36.93,59.45,0.61
73,1,501.54,449.57,36.29,61.06,0.65
74,1,501.81,447.88,36.06,63.00,0.65
75,1,503.27,445.92,35.98,64.39,0.65
76,1,503.80,444.53,35.28,65.57,0.64
77,1,504.00,444.01,35.70,66.66,0.63
78,1,504.73,443.17,34.53,67.72,0.65
79,1,505.00,444.83,34.09,67.45,0.62
80,1,505.08,446.15,33.94,67.32,0.63
81,1,505.11,449.96,34.57,63.96,0.61
82,1,504.44,446.05,36.13,68.70,0.64
83,1,504.84,443.37,35.41,70.38,0.65
84,1,504.33,442.97,36.46,71.67,0.65
85,1,504.79,439.58,37.50,75.39,0.63
86,1,504.97,442.15,37.89,72.31,0.64
87,1,504.37,444.55,37.38,69.68,0.64
88,1,505.46,446.14,36.52,67.33,0.60
89,1,505.87,446.06,36.19,67.79,0.66
90,1,505.35,446.69,35.40,66.63,0.66
91,1,506.49,449.60,34.43,64.19,0.63
92,1,506.90,448.66,34.08,64.62,0.66
93,1,507.72,447.64,33.29,66.12,0.67
94,1,508.01,447.26,33.00,66.03,0.64
95,1,508.11,448.43,32.91,64.01,0.60
96,1,507.46,445.52,34.22,67.94,0.59
97,1,507.22,443.17,34.71,70.00,0.57
98,1,507.12,439.02,34.90,73.40,0.59
99,1,507.07,438.72,34.97,74.04,0.61
100,1,507.71,437.34,33.68,74.92,0.60
101,1,507.95,435.53,33.85,77.18,0.60
102,1,507.37,432.93,34.58,79.31,0.60
103,1,507.81,436.46,33.55,76.24,0.62
104,1,507.31,447.84,34.48,64.39,0.57
105,1,507.12,438.28,34.82,74.47,0.65
106,1,507.70,437.23,34.30,74.41,0.70
107,1,507.26,436.83,34.76,74.35,0.72
108,1,507.76,436.71,33.61,74.30,0.73
109,1,507.94,436.69,33.17,73.60,0.74
110,1,508.01,437.37,33.01,72.65,0.73
111,1,508.03,436.98,32.96,72.95,0.73
112,1,508.04,436.85,32.94,73.05,0.73
113,1,508.04,436.82,32.94,73.08,0.71
114,1,508.03,437.48,32.95,72.43,0.69
115,1,508.03,439.07,32.29,72.17,0.69
116,1,508.03,438.35,32.71,72.07,0.70
117,1,506.70,441.39,32.87,69.39,0.70
118,1,507.52,439.19,32.94,71.05,0.70
119,1,507.83,440.37,32.96,71.00,0.68
120,1,507.95,442.15,32.98,68.34,0.64
121,1,507.34,442.81,34.30,67.32,0.65
122,1,507.10,442.38,34.80,68.31,0.64
123,1,507.02,441.55,34.98,70.00,0.67
124,1,506.99,439.91,35.05,70.65,0.64
125,1,506.98,440.60,35.07,70.24,0.60
126,1,506.97,440.87,35.07,70.08,0.61
127,1,506.98,442.29,35.07,68.70,0.57
128,1,507.64,444.16,33.74,66.18,0.56
129,1,507.89,448.89,32.56,61.20,0.59
130,1,507.31,454.06,31.46,56.63,0.54
131,1,507.77,455.15,31.73,55.06,0.55
132,1,507.94,456.17,31.84,53.88,0.53
135,1,507.14,455.51,33.65,54.65,0.50
136,1,507.01,455.24,33.95,54.97,0.60
137,1,507.62,455.14,32.75,55.08,0.63
138,1,507.86,455.10,32.27,55.11,0.64
139,1,506.62,453.75,32.76,55.78,0.63
140,1,507.48,453.24,32.28,56.02,0.61
141,1,507.81,453.05,32.10,56.10,0.59
142,1,507.94,452.32,32.69,56.78,0.60
143,1,507.99,452.05,32.91,57.03,0.59
144,1,508.00,451.95,32.99,57.11,0.62
145,1,508.01,451.92,33.02,57.13,0.61
146,1,508.01,453.89,33.03,55.81,0.61
147,1,508.01,454.65,33.03,55.30,0.61
148,1,508.01,452.94,33.03,56.43,0.60
149,1,508.01,452.30,33.03,56.85,0.59
150,1,508.01,451.40,33.02,58.32,0.63
151,1,508.01,451.07,33.02,58.22,0.64
152,1,508.01,454.23,32.36,55.54,0.63
153,1,507.34,455.46,31.44,55.16,0.63
154,1,507.76,455.24,31.77,55.03,0.64
155,1,507.92,455.15,31.89,54.98,0.64
156,1,507.97,455.11,31.94,54.96,0.62
157,1,508.00,455.08,31.96,54.96,0.63
158,1,507.34,455.07,31.31,54.96,0.63
159,1,507.76,455.72,31.73,54.31,0.63
160,1,507.92,450.64,32.55,59.38,0.61
161,1,507.98,446.24,32.86,63.78,0.63
162,1,508.00,444.51,32.98,64.87,0.62
163,1,508.01,448.37,33.02,61.41,0.61
164,1,508.01,454.60,32.37,54.67,0.69
165,1,508.01,455.62,32.13,54.14,0.69
166,1,508.01,456.64,32.03,53.29,0.69
167,1,507.34,457.00,31.34,52.31,0.69
168,1,506.43,457.12,32.41,52.64,0.69
169,1,506.09,455.15,32.81,53.44,0.67
170,1,506.63,452.42,33.61,56.40,0.65
171,1,506.83,448.81,34.57,59.45,0.65
172,1,506.92,447.42,34.93,59.98,0.68
173,1,506.95,447.55,35.06,59.52,0.67
174,1,506.97,450.25,35.10,57.35,0.63
175,1,507.63,448.65,36.42,58.50,0.56
176,1,507.23,449.39,36.26,58.26,0.63
177,1,508.39,449.03,36.19,57.50,0.62
178,1,508.17,448.90,37.46,57.20,0.64
179,1,508.09,448.21,37.93,57.75,0.65
180,1,508.70,447.95,37.45,57.95,0.65
181,1,508.94,449.19,36.59,58.02,0.64
182,1,509.02,448.35,36.25,58.71,0.65
183,1,509.05,447.38,36.12,59.62,0.67
184,1,509.05,445.72,35.41,61.92,0.69
185,1,508.39,445.74,34.47,62.14,0.70
186,1,508.13,445.77,34.12,62.86,0.68
187,1,508.04,445.14,33.32,64.42,0.67
188,1,507.33,444.26,34.38,65.65,0.68
189,1,507.08,443.29,34.77,66.75,0.69
190,1,506.98,440.98,34.92,68.46,0.66
191,1,506.95,441.40,34.97,69.09,0.66
192,1,507.61,442.24,33.67,68.65,0.62
193,1,507.19,442.59,34.52,68.45,0.63
194,1,505.72,442.74,34.83,67.70,0.62
195,1,505.17,442.81,34.95,67.39,0.60
196,1,504.97,442.85,34.99,67.25,0.60
197,1,504.90,442.87,35.01,67.19,0.62
198,1,504.89,442.89,35.01,67.16,0.64
199,1,506.21,442.90,34.35,67.13,0.64
200,1,506.72,442.91,34.10,67.11,0.67
201,1,506.91,442.92,34.01,67.76,0.67
202,1,506.98,442.27,33.98,68.65,0.68
203,1,507.01,442.03,33.97,68.99,0.68
204,1,506.35,441.29,35.29,69.76,0.70
205,1,505.46,440.36,37.09,71.35,0.71
206,1,505.12,441.32,37.78,69.99,0.66
207,1,504.99,446.33,39.33,65.47,0.69
208,1,504.94,446.23,39.92,66.44,0.66
209,1,504.93,447.51,39.48,64.80,0.63
210,1,504.93,448.65,39.95,63.51,0.59
211,1,504.94,448.38,40.11,63.71,0.61
212,1,504.94,448.93,39.51,63.13,0.62
213,1,504.29,448.45,40.58,63.60,0.63
214,1,504.05,448.26,40.97,63.78,0.67
215,1,503.96,448.18,41.11,63.86,0.69
216,1,504.59,448.14,40.50,63.90,0.68
217,1,504.84,449.44,39.59,61.93,0.71
218,1,505.60,449.92,38.57,61.19,0.69
219,1,507.89,448.75,36.18,62.94,0.68
220,1,509.42,448.97,34.60,62.27,0.65
221,1,509.96,449.05,34.05,62.02,0.65
222,1,510.14,449.07,33.19,62.60,0.61
223,1,510.18,447.75,32.90,64.15,0.60
224,1,510.18,447.25,32.81,64.07,0.59
225,1,510.17,445.08,33.47,65.36,0.64
226,1,509.49,444.27,34.39,65.19,0.62
227,1,509.88,443.97,34.08,65.11,0.59
228,1,510.69,440.58,32.64,67.72,0.58
229,1,510.99,439.32,32.11,68.04,0.56
230,1,511.08,436.89,31.93,68.80,0.54
231,1,511.11,436.00,31.87,68.42,0.50
232,1,511.11,436.35,31.86,67.60,0.55
234,1,510.30,435.76,34.27,67.96,0.50
235,1,510.08,435.06,34.19,65.97,0.57
236,1,510.66,437.50,32.84,63.92,0.62
237,1,510.89,438.43,32.31,63.84,0.64
238,1,510.97,438.77,32.11,63.83,0.70
239,1,511.00,438.24,32.04,63.83,0.69
240,1,511.01,438.04,32.01,65.18,0.68
241,1,511.01,437.97,32.66,65.69,0.69
242,1,511.01,437.95,32.91,65.88,0.70
243,1,511.01,437.94,32.34,65.96,0.71
244,1,511.01,438.61,32.12,65.99,0.69
245,1,511.67,439.52,31.37,66.66,0.68
246,1,511.92,439.87,31.09,66.91,0.71
247,1,512.01,439.99,30.99,67.00,0.70
248,1,512.70,440.04,31.62,67.03,0.70
249,1,512.30,439.39,31.20,67.70,0.69
250,1,512.14,439.14,30.38,68.61,0.67
251,1,512.07,439.05,30.07,68.94,0.68
252,1,512.04,438.36,29.97,69.72,0.65
253,1,512.03,438.09,29.27,70.66,0.62
254,1,510.68,440.61,29.01,69.05,0.65
255,1,509.52,442.25,30.27,67.75,0.69
256,1,509.09,444.19,30.73,65.92,0.71
257,1,508.94,446.91,30.91,63.90,0.65
258,1,508.89,448.56,30.98,63.16,0.67
259,1,509.54,449.14,29.68,62.91,0.55
260,1,510.48,455.33,28.52,57.48,0.54
265,1,517.33,453.58,41.79,64.35,0.54
267,1,517.56,452.56,43.75,67.36,0.59
268,1,517.58,451.68,43.93,69.18,0.72
269,1,516.28,450.71,44.64,70.49,0.75
270,1,515.12,450.98,45.55,70.98,0.73
271,1,514.65,450.42,45.90,71.80,0.69
272,1,512.50,450.20,47.32,72.10,0.74
273,1,511.02,450.76,48.51,70.89,0.77
274,1,509.14,450.97,48.96,70.41,0.71
275,1,508.41,451.71,48.47,69.56,0.68
275,2,874.00,421.00,90.00,54.00,0.77
276,1,506.16,451.98,49.57,69.23,0.72
276,2,854.00,425.80,96.40,59.60,0.51
277,1,505.32,452.07,49.98,69.10,0.70
277,2,831.39,431.17,103.64,100.19,0.58
278,1,505.00,450.11,49.47,69.71,0.73
278,2,805.54,436.05,115.85,117.39,0.54
279,1,503.58,448.71,49.26,69.94,0.71
279,2,780.26,443.24,125.55,122.26,0.69
280,1,503.05,446.86,48.52,72.00,0.65
282,1,502.05,447.62,49.70,74.40,0.69
283,1,501.89,448.52,49.94,74.20,0.67
284,1,503.15,450.16,50.68,72.15,0.66
285,1,504.30,451.45,49.64,70.03,0.66
286,1,506.07,451.92,49.90,68.58,0.71
287,1,508.05,450.08,49.99,69.40,0.70
287,2,674.50,458.37,104.98,116.07,0.56
288,1,509.45,449.39,50.03,69.71,0.73
288,2,667.15,456.75,99.07,115.58,0.65
289,1,509.97,449.13,50.03,69.83,0.73
289,2,659.83,454.54,91.11,115.38,0.63
290,1,510.15,449.69,50.04,70.55,0.73
291,1,511.52,449.25,50.03,70.17,0.75
291,2,647.26,450.23,78.85,115.59,0.65
292,1,512.02,449.08,50.03,69.36,0.76
292,2,640.29,449.40,77.86,112.53,0.55
293,1,512.85,449.68,49.37,67.73,0.79
293,2,636.11,446.33,74.78,116.15,0.78
294,1,514.46,449.23,49.11,67.80,0.81
294,2,632.41,441.90,70.96,119.44,0.76
295,1,515.05,449.07,49.02,67.83,0.81
295,2,626.02,441.48,71.81,114.13,0.77
296,1,515.24,449.01,48.99,67.86,0.81
296,2,621.31,439.27,74.20,113.36,0.76
297,1,515.29,449.65,48.31,67.21,0.80
297,2,617.19,439.79,76.44,107.75,0.58
298,1,513.95,449.90,48.73,66.98,0.77
299,1,512.78,449.32,49.55,68.23,0.72
299,2,607.58,434.39,66.58,103.04,0.61
300,1,512.32,449.11,49.86,69.36,0.75
300,2,605.21,435.24,67.29,103.56,0.64
301,1,512.14,448.37,49.97,71.11,0.75
301,2,601.67,433.53,66.82,105.75,0.69
302,1,512.07,449.39,50.02,71.12,0.73
302,2,598.61,433.57,67.35,105.24,0.69
303,1,512.70,449.80,48.71,71.11,0.72
303,2,595.02,427.65,66.91,110.37,0.51
304,1,514.94,449.95,47.54,71.10,0.73
305,1,516.44,450.00,45.77,71.09,0.73
306,1,516.97,449.36,45.13,72.40,0.71
307,1,517.15,449.77,44.91,71.58,0.67
308,1,517.20,449.93,44.84,71.91,0.62
309,1,517.20,427.61,51.51,95.07,0.66
310,1,518.47,417.98,54.52,104.41,0.68
311,1,519.60,413.19,67.18,109.67,0.71
312,1,519.45,410.67,79.21,112.37,0.72
313,1,519.96,409.13,89.09,113.98,0.75
314,1,520.17,408.61,90.84,115.15,0.73
315,1,520.86,409.78,89.56,113.59,0.69
316,1,522.39,410.35,83.85,112.85,0.69
317,1,524.28,408.71,85.34,113.78,0.71
318,1,525.61,410.74,83.31,111.47,0.71
319,1,526.76,414.25,71.98,107.84,0.70
320,1,526.47,414.34,69.39,106.38,0.69
320,2,524.73,444.58,44.24,72.47,0.53
321,1,527.03,415.08,63.09,105.13,0.69
322,1,527.20,422.03,53.10,97.99,0.69
323,1,527.20,423.38,50.31,96.58,0.69
324,1,525.77,425.87,48.78,94.07,0.70
325,1,525.27,435.56,44.83,84.37,0.71
326,1,526.52,432.16,50.76,87.09,0.67
327,1,526.92,434.37,49.29,84.64,0.67
328,1,527.06,433.80,48.78,85.15,0.68
329,1,527.10,433.55,48.63,85.37,0.68
330,1,527.10,436.11,45.92,82.15,0.69
331,1,527.09,437.02,44.27,80.99,0.69
332,1,526.40,431.92,46.47,86.01,0.67
333,1,526.81,431.39,45.26,86.52,0.68
334,1,526.97,430.51,44.84,87.39,0.69
335,1,526.35,428.86,46.06,90.37,0.69
336,1,526.79,426.93,48.51,92.80,0.68
337,1,526.95,423.60,49.43,95.67,0.69
338,1,526.35,421.68,51.10,98.06,0.69
339,1,526.13,420.96,52.39,98.96,0.68
340,1,526.04,420.06,52.23,99.93,0.70
341,1,526.00,417.79,52.16,101.57,0.69
342,1,526.65,418.90,54.09,100.88,0.68
343,1,527.54,420.02,53.52,99.26,0.67
344,1,527.88,421.80,52.62,97.29,0.68
345,1,527.35,422.49,50.94,96.52,0.69
346,1,527.14,431.37,46.97,86.96,0.71
347,1,527.74,424.47,47.53,94.98,0.71
348,1,526.62,422.82,47.06,96.35,0.72
349,1,525.52,418.24,48.24,100.82,0.74
350,1,525.78,433.34,44.72,85.03,0.74
351,1,525.21,438.97,44.05,80.52,0.71
352,1,525.01,438.06,43.83,80.42,0.70
353,1,524.27,421.47,51.83,98.69,0.71
354,1,524.64,419.46,50.26,101.28,0.71
355,1,525.47,423.18,48.23,95.88,0.74
356,1,526.46,418.79,48.77,100.24,0.77
357,1,526.83,429.47,46.34,88.90,0.76
358,1,526.97,432.56,46.06,86.22,0.73
359,1,528.35,437.69,45.30,82.59,0.68
360,1,528.86,429.36,45.69,91.47,0.65
361,1,529.04,433.53,45.84,85.56,0.62
362,1,528.44,439.33,44.58,79.70,0.64
363,1,528.19,445.56,44.11,72.08,0.73
363,3,602.00,468.00,46.00,117.00,0.74
364,1,528.10,445.63,43.94,71.50,0.73
364,3,604.40,473.60,48.40,118.60,0.79
365,1,528.73,445.63,44.56,71.34,0.74
365,3,609.40,480.05,47.34,119.67,0.79
366,1,528.30,445.58,44.14,71.34,0.74
366,3,614.27,486.09,47.75,120.81,0.77
367,1,528.79,447.54,44.65,70.05,0.78
367,3,618.63,492.30,48.65,121.89,0.80
368,1,529.63,448.89,44.18,68.95,0.81
368,3,622.06,499.18,50.38,121.49,0.80
369,1,529.95,448.66,44.01,68.60,0.81
369,3,627.26,504.84,50.98,122.01,0.83
370,1,530.06,448.54,43.95,68.51,0.80
370,3,633.09,508.68,53.90,124.24,0.83
371,1,530.09,448.45,43.94,68.52,0.80
371,3,638.42,511.90,54.95,125.03,0.80
372,1,530.76,447.72,43.27,67.90,0.78
372,3,644.25,515.55,55.31,123.26,0.80
373,1,531.67,447.42,43.69,67.70,0.77
373,3,650.91,516.69,54.09,123.24,0.85
374,1,531.99,446.62,43.86,68.32,0.76
374,3,657.91,516.93,54.91,123.21,0.85
375,1,532.11,446.31,44.58,67.91,0.72
375,3,666.95,514.19,53.87,124.52,0.83
376,1,532.14,446.18,44.20,68.45,0.70
376,3,669.50,509.72,61.43,127.64,0.74
377,1,532.80,445.46,43.39,69.33,0.72
377,3,681.17,508.61,63.52,122.89,0.73
378,1,532.37,445.19,44.42,69.67,0.70
378,3,699.79,506.72,61.13,118.32,0.72
379,1,532.21,445.08,44.80,69.82,0.70
379,3,722.73,517.42,63.36,98.41,0.51
380,1,532.13,445.70,44.95,69.22,0.72
381,1,532.10,445.27,45.00,69.66,0.72
382,1,532.08,445.10,45.02,70.49,0.74
383,1,532.07,445.04,45.03,70.81,0.74
384,1,532.06,445.02,45.02,70.28,0.75
385,1,532.05,445.67,45.02,69.41,0.75
386,1,532.05,445.91,45.02,69.09,0.73
387,1,532.04,446.00,45.02,68.97,0.69
388,1,532.04,446.03,45.02,68.94,0.69
389,1,532.03,446.04,45.01,68.93,0.71
390,1,532.03,446.04,45.01,68.93,0.71
391,1,532.02,446.04,45.01,68.94,0.72
392,1,532.02,446.03,45.01,68.94,0.74
393,1,532.02,446.03,45.01,68.95,0.73
394,1,532.02,446.03,45.01,68.96,0.73
395,1,532.01,446.02,45.01,68.96,0.73
396,1,532.01,445.36,45.01,69.63,0.72
397,1,532.01,445.11,45.01,69.88,0.73
398,1,532.01,445.02,45.00,69.97,0.73
399,1,532.01,444.98,45.00,70.01,0.72
400,1,532.01,445.63,45.00,69.36,0.73
401,1,532.01,445.22,45.00,69.77,0.73
402,1,532.01,445.06,45.00,69.93,0.74
403,1,532.01,445.67,45.00,69.33,0.75
404,1,532.00,445.90,45.00,69.10,0.74
405,1,532.00,445.98,45.00,68.35,0.75
406,1,532.66,446.01,43.68,68.07,0.74
407,1,532.25,446.02,44.52,67.97,0.73
408,1,532.75,446.02,43.51,67.94,0.71
409,1,532.28,446.02,43.79,67.94,0.70
410,1,532.10,446.02,43.90,67.94,0.71
411,1,532.03,446.02,43.94,67.94,0.69
412,1,532.01,446.01,43.96,67.95,0.68
413,1,532.66,446.67,43.31,67.29,0.71
414,1,532.91,446.92,43.06,67.05,0.75
415,1,532.99,445.68,42.98,68.95,0.73
416,1,533.03,445.22,42.95,69.67,0.74
417,1,533.03,444.39,42.94,71.25,0.73
418,1,532.37,443.43,44.27,72.50,0.73
419,1,532.12,443.06,44.77,72.96,0.73
420,1,532.68,443.59,43.65,72.47,0.73
421,1,532.90,443.80,43.21,72.27,0.74
422,1,532.98,444.54,43.05,71.52,0.73
423,1,533.01,444.83,42.99,71.23,0.75
424,1,533.02,444.94,42.97,71.11,0.73
425,1,532.36,445.64,44.29,69.08,0.72
426,1,532.11,446.58,44.78,67.64,0.72
427,1,532.02,446.92,44.31,67.11,0.70
428,1,531.98,447.04,44.13,66.93,0.68
429,1,531.97,447.08,44.06,66.87,0.69
430,1,531.97,447.08,44.03,66.86,0.72
431,1,531.97,447.08,44.02,66.87,0.74
432,1,531.98,447.07,44.01,66.88,0.73
433,1,531.98,446.40,44.01,67.56,0.74
434,1,531.98,446.15,44.01,67.82,0.74
435,1,531.98,446.71,44.01,67.26,0.74
436,1,531.99,446.92,44.01,67.05,0.73
437,1,531.99,447.00,44.00,66.98,0.72
438,1,531.99,447.03,44.00,66.95,0.72
439,1,531.99,447.03,44.00,66.95,0.72
440,1,531.99,447.03,44.00,66.95,0.70
441,1,531.99,447.03,44.00,66.96,0.69
442,1,531.99,447.03,44.00,66.96,0.69
443,1,531.99,447.02,44.00,66.96,0.70
444,1,531.99,446.36,44.66,67.63,0.67
445,1,532.00,446.11,44.91,67.88,0.69
446,1,532.00,446.02,45.00,67.98,0.72
447,1,532.00,445.98,45.03,68.01,0.71
448,1,532.00,445.97,44.38,68.02,0.74
449,1,532.00,445.97,44.13,68.02,0.75
450,1,530.67,445.97,44.04,68.02,0.74
451,1,530.18,445.98,44.00,68.68,0.75
452,1,530.00,445.98,43.99,68.93,0.76
453,1,529.93,445.98,43.99,69.02,0.74
454,1,531.24,445.98,43.99,69.05,0.73
455,1,531.74,445.98,43.99,68.39,0.73
456,1,531.93,445.99,43.99,68.14,0.71
457,1,532.00,445.99,43.99,68.05,0.70
458,1,531.36,445.99,43.33,68.01,0.71
459,1,530.45,445.99,43.75,68.66,0.71
460,1,530.11,445.99,43.90,68.90,0.72
461,1,529.99,445.99,43.96,68.99,0.70
462,1,529.95,445.99,43.99,69.02,0.71
463,1,529.94,445.99,44.00,69.03,0.74
464,1,529.94,446.66,44.00,68.37,0.73
465,1,529.95,446.91,44.00,68.12,0.73
466,1,529.95,446.33,44.00,68.69,0.74
467,1,529.96,446.12,44.00,68.90,0.75
468,1,529.96,446.04,44.00,68.98,0.74
469,1,529.97,446.00,44.00,69.01,0.75
470,1,529.97,445.99,44.00,69.02,0.73
471,1,529.97,445.99,44.00,69.02,0.72
472,1,529.98,445.99,44.00,69.02,0.73
473,1,529.98,444.67,44.00,71.00,0.73
474,1,529.98,444.18,44.00,71.74,0.75
475,1,529.98,446.61,44.00,70.05,0.78
476,1,529.99,447.56,44.00,69.38,0.78
477,1,529.99,447.91,44.00,69.13,0.78
478,1,529.99,447.37,44.00,68.38,0.77
479,1,529.99,447.16,44.00,68.09,0.78
480,1,529.99,446.42,44.00,68.65,0.78
481,1,529.99,446.80,44.00,68.21,0.77
482,1,529.99,446.94,44.00,68.04,0.77
483,1,529.99,446.33,44.00,69.31,0.78
484,1,529.99,446.10,44.66,69.12,0.79
485,1,530.00,446.02,44.91,69.05,0.78
486,1,530.00,445.99,44.34,69.68,0.78
487,1,530.00,445.98,44.79,69.92,0.77
488,1,530.00,445.98,44.95,69.35,0.75
489,1,530.00,445.98,45.01,69.79,0.77
490,1,530.00,445.98,45.03,69.95,0.76
491,1,530.00,445.98,45.03,70.01,0.76
492,1,530.00,445.98,45.03,70.03,0.75
493,1,530.00,445.98,45.03,70.04,0.76
494,1,530.00,445.99,45.03,70.03,0.76
495,1,530.00,445.99,45.02,70.03,0.75
496,1,530.00,445.99,45.02,70.03,0.76
497,1,530.00,445.99,45.02,69.37,0.77
498,1,530.00,445.99,45.02,69.11,0.77
499,1,530.00,445.99,45.01,69.02,0.78
500,1,530.00,445.99,45.01,68.99,0.80
501,1,530.00,445.99,45.01,68.98,0.82
502,1,530.00,446.66,45.01,68.31,0.83
503,1,530.00,446.91,45.01,68.06,0.83
504,1,530.00,446.33,45.01,67.98,0.81
505,1,530.00,446.12,45.01,67.95,0.81
506,1,530.00,446.70,45.01,66.62,0.80
507,1,530.00,446.92,45.01,66.12,0.81
508,1,530.00,447.00,45.00,65.95,0.81
509,1,530.00,446.36,45.00,66.56,0.80
510,1,530.00,446.78,45.00,66.13,0.79
511,1,530.00,446.28,45.00,66.64,0.79
512,1,530.00,446.75,45.00,66.18,0.80
513,1,530.00,446.93,45.00,66.01,0.79
514,1,529.34,446.99,45.66,65.95,0.79
515,1,529.75,446.35,45.25,66.60,0.78
516,1,529.91,446.11,45.09,66.84,0.77
517,1,529.97,446.02,45.03,66.94,0.76
518,1,529.99,445.99,45.01,66.98,0.76
519,1,530.00,445.98,45.00,66.99,0.77
520,1,530.00,445.98,45.00,67.00,0.77
521,1,530.00,445.98,45.00,66.34,0.78
522,1,530.00,445.98,45.00,66.75,0.77
523,1,529.34,445.98,45.00,66.91,0.78
524,1,529.09,445.98,45.00,66.31,0.79
525,1,529.00,446.65,45.00,64.76,0.76
526,1,528.31,446.90,44.34,64.17,0.76
527,1,528.05,446.99,44.09,63.97,0.78
528,1,527.96,447.02,44.00,64.57,0.74
529,1,527.93,447.03,43.97,65.46,0.72
530,1,527.27,447.03,44.62,66.46,0.73
531,1,527.02,447.03,44.87,66.18,0.72
532,1,526.94,447.03,44.96,66.73,0.71
533,1,526.91,447.02,45.00,66.28,0.70
534,1,526.91,447.02,45.01,66.77,0.66
535,1,526.92,447.02,45.01,66.95,0.67
536,1,526.92,446.36,45.01,67.67,0.70
537,1,526.93,446.11,45.01,67.94,0.72
538,1,526.94,446.01,45.01,68.04,0.73
539,1,526.95,445.98,45.01,68.07,0.72
540,1,526.95,445.97,45.01,68.07,0.73
541,1,526.96,445.97,45.01,68.07,0.74
542,1,526.96,445.97,45.01,68.06,0.75
543,1,526.97,445.97,45.67,68.06,0.75
544,1,526.97,445.98,45.91,68.05,0.75
545,1,526.97,445.98,45.35,68.05,0.72
546,1,526.98,445.98,45.13,68.04,0.72
547,1,526.98,445.98,45.04,68.04,0.73
548,1,526.98,445.99,45.01,68.03,0.72
549,1,526.98,445.99,45.00,68.69,0.72
550,1,526.99,446.65,45.00,67.62,0.69
551,1,526.99,446.24,45.00,67.87,0.67
552,1,526.99,446.74,45.00,67.30,0.68
553,1,526.99,446.27,45.00,67.75,0.66
554,1,526.99,446.09,45.00,67.92,0.67
555,1,526.99,446.68,45.00,67.32,0.70
556,1,526.99,446.91,45.00,67.76,0.69
557,1,526.99,446.33,45.00,68.58,0.69
558,1,527.00,446.77,45.00,68.23,0.74
559,1,527.00,446.94,45.00,68.10,0.74
560,1,527.00,447.00,45.00,68.04,0.74
561,1,527.00,447.68,45.00,68.68,0.71
562,1,527.00,447.93,45.00,68.92,0.71
563,1,527.00,448.03,45.00,69.67,0.71
564,1,527.00,448.05,45.00,69.95,0.70
565,1,527.00,448.06,45.00,70.05,0.68
566,1,527.00,448.06,45.00,70.08,0.66
567,1,527.00,448.05,45.00,70.08,0.69
568,1,527.00,448.05,45.00,70.08,0.70
569,1,527.00,448.04,45.00,70.07,0.70
570,1,527.00,448.04,45.00,70.72,0.71
571,1,527.00,448.03,45.00,70.96,0.72
572,1,527.00,448.03,45.00,70.39,0.72
573,1,527.00,448.03,45.00,70.17,0.73
574,1,527.00,448.02,45.00,70.74,0.72
575,1,527.00,448.02,45.00,70.29,0.76
576,1,527.00,448.02,45.00,70.12,0.78
577,1,527.00,448.02,45.00,70.05,0.78
578,1,527.00,448.01,45.00,70.02,0.79
579,1,527.00,448.01,45.00,70.01,0.80
580,1,527.00,448.01,45.00,70.01,0.80
581,1,527.00,448.01,45.00,70.01,0.80
582,1,527.00,448.01,45.00,70.01,0.80
583,1,527.00,448.01,45.00,70.00,0.79
584,1,527.00,448.01,45.00,70.00,0.78
585,1,527.00,448.01,45.00,69.34,0.79
586,1,527.00,448.01,45.00,69.76,0.78
587,1,527.00,448.00,45.00,70.57,0.79
588,1,527.00,448.00,44.34,70.88,0.79
589,1,527.00,448.00,44.09,70.34,0.79
590,1,527.00,448.00,44.66,70.12,0.79
591,1,527.00,448.00,44.88,70.04,0.79
592,1,527.00,448.00,44.96,70.01,0.79
593,1,527.00,448.00,44.99,70.00,0.79
594,1,527.00,448.00,45.00,70.00,0.78
595,1,527.00,448.00,45.01,70.00,0.78
596,1,527.00,448.00,45.01,70.00,0.78
597,1,527.66,448.00,43.69,70.00,0.78
598,1,527.24,448.00,44.52,70.00,0.79
599,1,527.75,448.00,43.51,70.00,0.79
600,1,527.27,448.00,44.46,70.00,0.80
601,1,527.10,448.00,44.81,70.00,0.81
602,1,527.03,448.00,44.95,70.00,0.80
603,1,527.00,448.00,45.00,70.00,0.80
604,1,527.00,448.00,45.01,70.00,0.81
605,1,526.99,448.00,45.02,70.00,0.81
606,1,526.99,448.00,45.02,70.00,0.81
607,1,526.99,448.00,45.02,70.66,0.81
608,1,526.99,448.00,45.02,70.91,0.80
609,1,526.99,448.00,45.01,70.34,0.81
610,1,527.66,448.00,43.69,70.12,0.81
611,1,527.91,448.00,43.19,70.04,0.81
612,1,527.33,448.00,44.34,70.01,0.80
613,1,527.12,448.00,44.77,70.00,0.80
614,1,527.69,447.34,43.62,70.65,0.79
615,1,527.91,446.43,43.84,70.24,0.79
616,1,527.99,446.09,43.26,70.08,0.79
617,1,528.02,446.63,43.05,70.69,0.79
618,1,528.03,446.18,42.97,70.25,0.79
619,1,528.03,446.01,42.95,70.09,0.79
620,1,528.03,445.96,43.61,70.02,0.79
621,1,528.02,446.60,43.20,70.66,0.79
622,1,528.02,446.19,43.04,70.24,0.79
623,1,528.02,447.36,42.99,70.08,0.80
624,1,527.35,447.80,44.30,70.02,0.80
625,1,527.11,447.96,44.78,70.00,0.78
626,1,527.01,447.36,44.97,70.65,0.77
627,1,526.98,447.13,45.03,70.90,0.77
628,1,526.97,447.04,45.05,70.99,0.77
629,1,526.97,447.01,45.06,71.02,0.78
630,1,526.97,447.66,45.05,70.37,0.78
631,1,526.97,447.90,45.05,70.12,0.77
632,1,526.98,447.99,45.04,70.03,0.77
633,1,526.98,448.02,45.04,70.00,0.77
634,1,526.98,448.03,45.03,70.65,0.77
635,1,526.98,448.03,45.03,70.23,0.77
636,1,526.99,448.03,45.03,70.07,0.78
637,1,526.99,447.37,45.02,70.68,0.78
638,1,526.99,447.77,45.02,70.24,0.77
639,1,526.99,447.93,45.02,70.08,0.77
640,1,526.99,447.99,45.02,70.02,0.78
641,1,526.99,448.01,45.01,70.00,0.77
642,1,526.99,448.02,45.01,69.99,0.78
643,1,526.99,448.02,45.01,69.99,0.77
644,1,526.99,446.69,45.01,69.99,0.78
645,1,527.00,446.19,45.01,69.99,0.78
646,1,527.00,446.01,45.01,69.99,0.76
647,1,527.00,447.27,45.01,69.33,0.76
648,1,527.00,447.09,45.01,70.41,0.73
649,1,527.00,444.39,45.01,73.44,0.73
650,1,527.00,446.62,45.00,71.34,0.74
650,4,819.00,378.00,152.00,84.00,0.71
651,1,527.00,446.85,45.00,71.15,0.74
651,4,807.00,385.20,152.00,80.80,0.53
652,1,527.00,446.28,45.00,70.42,0.74
653,1,527.00,444.74,45.00,72.13,0.74
654,1,527.00,444.17,45.00,72.76,0.75
654,4,789.95,429.68,141.58,89.54,0.55
655,1,527.00,445.28,45.00,71.03,0.76
656,1,527.00,444.38,45.00,73.01,0.76
657,1,527.66,444.71,43.68,72.43,0.76
658,1,527.24,444.85,44.52,72.20,0.76
659,1,527.09,446.89,44.82,70.78,0.77
660,1,527.03,447.67,44.94,70.24,0.78
661,1,527.01,447.95,44.99,70.04,0.76
662,1,527.00,448.05,45.00,69.97,0.76
663,1,527.00,448.08,45.01,69.95,0.76
664,1,527.00,448.08,45.01,69.95,0.77
665,1,527.00,448.08,45.01,69.95,0.78
666,1,527.00,448.07,45.01,69.96,0.78
667,1,527.00,448.06,45.01,69.96,0.76
668,1,527.00,448.06,45.01,69.96,0.77
669,1,527.00,448.05,44.35,69.97,0.76
670,1,527.00,448.04,44.76,69.97,0.78
671,1,527.00,448.04,44.91,69.98,0.78
672,1,527.00,448.03,44.97,69.98,0.78
673,1,527.00,448.03,45.00,69.98,0.78
674,1,527.00,448.03,45.00,69.98,0.78
675,1,527.00,448.02,45.01,69.32,0.81
676,1,527.00,448.02,45.01,69.74,0.81
677,1,527.00,448.02,45.01,69.24,0.81
678,1,527.00,448.02,45.01,69.05,0.81
679,1,527.00,448.01,45.00,69.65,0.80
680,1,527.00,448.01,45.00,69.21,0.80
681,1,527.00,448.01,45.00,69.05,0.80
682,1,527.00,448.01,45.00,68.99,0.80
683,1,527.00,448.01,44.34,69.63,0.79
684,1,525.67,448.01,44.76,69.22,0.80
685,1,525.18,448.01,44.91,69.06,0.80
686,1,525.00,448.01,44.97,69.00,0.78
687,1,524.94,448.01,44.99,68.98,0.78
688,1,524.92,448.00,45.00,68.98,0.79
689,1,524.92,448.00,45.00,68.98,0.78
690,1,524.93,448.00,45.01,68.98,0.76
691,1,524.93,448.00,45.01,68.98,0.77
692,1,524.94,448.00,45.00,68.98,0.77
693,1,524.95,446.68,45.00,69.65,0.77
694,1,524.95,446.18,45.00,69.90,0.75
695,1,524.96,446.00,45.00,69.99,0.76
696,1,524.96,445.94,45.00,70.02,0.76
697,1,524.97,445.92,45.00,70.03,0.75
698,1,524.97,445.92,45.00,70.03,0.74
699,1,524.31,445.93,45.66,70.03,0.74
700,1,524.73,447.26,45.25,69.37,0.75
701,1,524.89,447.76,45.09,69.11,0.73
702,1,524.95,447.95,45.03,69.02,0.74
703,1,524.98,448.02,45.01,68.99,0.74
704,1,524.99,448.04,45.00,69.64,0.75
705,1,524.99,448.04,45.00,69.88,0.73
706,1,524.99,448.04,45.00,69.98,0.75
707,1,525.66,448.04,45.66,69.35,0.75
708,1,526.56,448.03,45.25,69.11,0.76
709,1,526.90,448.03,45.09,69.02,0.75
710,1,527.03,448.03,45.03,68.99,0.74
711,1,527.07,448.02,45.01,68.98,0.74
712,1,527.08,448.02,44.34,68.98,0.78
713,1,527.07,448.02,44.09,68.98,0.78
714,1,527.07,448.02,43.99,68.98,0.77
715,1,527.06,448.01,43.96,68.98,0.76
716,1,527.05,448.01,44.62,68.99,0.75
717,1,527.05,448.01,44.87,68.99,0.75
718,1,527.04,448.01,44.96,68.99,0.74
719,1,527.04,448.01,45.00,68.99,0.76
720,1,527.03,448.01,45.01,68.99,0.78
721,1,527.03,448.01,45.01,68.99,0.76
722,1,527.02,448.01,45.01,68.99,0.76
723,1,527.02,446.68,45.01,69.65,0.75
724,1,527.02,446.19,45.01,69.90,0.75
725,1,526.36,447.32,45.67,70.00,0.79
726,1,526.11,447.76,45.92,70.03,0.77
727,1,526.01,447.92,46.01,70.04,0.79
728,1,525.98,447.99,46.04,70.04,0.79
729,1,525.97,448.01,46.05,70.03,0.79
730,1,526.63,448.01,45.39,70.03,0.78
731,1,526.22,448.02,45.79,70.03,0.78
732,1,526.06,446.69,45.95,70.02,0.77
733,1,526.67,443.55,45.34,73.98,0.76
734,1,525.57,444.97,45.11,71.58,0.77
735,1,525.16,446.90,45.03,69.92,0.78
736,1,525.01,447.62,44.99,69.30,0.78
737,1,524.96,447.89,44.98,69.07,0.76
738,1,524.94,447.33,44.98,68.33,0.76
739,1,526.27,447.11,44.98,68.05,0.75
740,1,526.77,447.03,44.98,67.95,0.77
741,1,526.95,447.00,44.99,67.92,0.76
742,1,527.02,446.99,44.99,67.92,0.76
743,1,527.04,444.34,44.99,71.90,0.75
744,1,527.05,445.30,44.99,70.14,0.78
745,1,527.04,446.36,44.99,68.76,0.78
746,1,527.04,446.77,44.99,68.23,0.79
747,1,527.04,446.92,44.99,67.38,0.79
748,1,527.03,446.98,44.99,67.06,0.79
749,1,526.37,447.00,45.66,66.95,0.79
750,1,525.46,447.01,45.25,67.58,0.81
751,1,525.11,447.01,45.09,67.82,0.81
752,1,524.99,447.01,45.03,67.92,0.80
753,1,524.95,447.01,45.01,67.96,0.80
754,1,524.94,447.01,45.00,67.97,0.81
755,1,524.94,447.01,44.99,67.98,0.81
756,1,524.94,446.35,44.99,69.31,0.77
757,1,524.95,447.41,44.33,69.15,0.76
758,1,524.95,446.50,44.08,69.74,0.76
759,1,524.96,446.16,43.99,69.96,0.76
760,1,524.96,446.03,43.96,70.04,0.77
761,1,524.97,446.64,43.96,70.72,0.77
762,1,524.97,447.53,43.96,70.32,0.76
763,1,524.98,447.87,43.96,70.16,0.77
764,1,524.98,447.99,43.97,70.09,0.78
765,1,524.98,448.04,44.63,70.06,0.78
766,1,524.98,448.05,44.88,70.05,0.77
767,1,524.99,448.05,44.98,70.04,0.79
768,1,524.99,448.05,44.35,70.03,0.79
769,1,524.99,448.04,44.77,70.03,0.79
770,1,524.99,448.04,44.93,70.02,0.79
771,1,524.99,448.03,44.99,70.02,0.79
772,1,524.33,448.03,45.67,70.02,0.80
773,1,524.09,448.03,45.93,70.02,0.78
774,1,523.99,448.02,46.02,70.01,0.78
775,1,524.62,448.02,45.39,70.67,0.79
776,1,524.86,448.02,45.15,70.92,0.79
777,1,524.96,448.02,45.05,71.01,0.80
778,1,524.99,448.01,44.36,71.04,0.80
779,1,525.00,448.01,44.09,71.05,0.80
780,1,525.01,448.01,44.66,71.05,0.78
781,1,525.01,448.01,44.88,71.04,0.77
782,1,525.01,448.01,44.96,71.04,0.77
783,1,525.01,448.01,44.99,71.03,0.77
784,1,525.01,448.01,45.00,71.03,0.77
785,1,525.01,448.01,45.01,71.03,0.76
786,1,525.00,448.01,45.01,71.02,0.75
787,1,525.00,448.00,45.01,71.02,0.77
788,1,525.00,448.00,45.01,71.02,0.77
789,1,525.00,448.00,45.01,71.02,0.76
790,1,525.00,448.00,45.00,71.01,0.75
791,1,525.00,448.00,45.00,70.35,0.74
792,1,525.00,448.00,45.00,70.10,0.75
793,1,525.00,448.00,45.00,70.01,0.73
794,1,525.00,448.00,45.00,69.98,0.75
795,1,525.00,448.00,45.00,69.97,0.74
796,1,525.00,447.34,45.00,71.29,0.74
797,1,525.00,447.09,45.00,71.79,0.76
798,1,525.00,447.00,45.00,71.97,0.75
799,1,525.00,446.97,45.00,72.04,0.75
800,1,524.34,446.96,45.66,71.40,0.76
801,1,524.09,446.96,45.91,71.15,0.75
802,1,524.66,446.96,45.34,71.06,0.74
803,1,524.88,446.97,45.12,71.02,0.74
804,1,524.96,447.63,45.04,70.35,0.78
805,1,524.99,447.89,45.01,70.09,0.79
806,1,524.34,447.98,45.66,70.00,0.79
807,1,524.10,448.01,45.90,69.97,0.80
808,1,524.01,448.02,45.99,69.96,0.80
809,1,524.63,448.02,45.37,69.96,0.80
810,1,524.21,448.02,45.79,69.96,0.79
811,1,524.06,448.02,45.94,69.97,0.80
812,1,524.00,448.02,46.00,69.97,0.80
813,1,524.64,448.02,45.36,69.97,0.80
814,1,524.88,448.01,45.12,69.98,0.79
815,1,526.30,448.01,45.03,69.98,0.80
816,1,526.83,448.01,44.99,69.98,0.80
817,1,527.02,448.01,44.98,69.98,0.79
818,1,525.76,448.01,44.98,70.65,0.80
819,1,525.28,448.01,44.98,70.24,0.79
820,1,524.43,448.01,45.64,70.08,0.78
821,1,524.12,448.01,45.89,70.02,0.77
822,1,524.00,448.01,45.99,70.00,0.77
823,1,523.96,448.67,45.36,68.67,0.67
824,1,523.95,447.58,45.78,70.83,0.72
825,1,523.95,447.84,45.94,70.32,0.79
826,1,524.61,447.94,45.34,70.12,0.79
827,1,526.19,447.98,45.11,70.70,0.79
828,1,526.79,447.99,45.02,70.26,0.77
829,1,525.68,448.00,44.99,70.09,0.79
830,1,525.25,448.00,44.98,70.03,0.77
831,1,525.09,448.00,44.98,70.01,0.79
832,1,524.37,448.00,45.64,70.00,0.80
833,1,524.75,448.00,45.23,69.99,0.80
834,1,524.91,448.00,45.08,69.99,0.80
835,1,524.96,448.00,45.02,69.99,0.81
836,1,524.99,448.00,45.00,69.33,0.80
837,1,524.99,448.00,44.99,69.08,0.82
838,1,525.00,446.67,44.99,68.99,0.82
839,1,525.00,446.18,44.99,68.96,0.83
840,1,525.00,446.00,44.33,68.96,0.82
841,1,525.00,445.94,44.74,68.96,0.81
842,1,525.00,445.92,44.90,68.96,0.81
843,1,525.00,445.92,44.30,69.63,0.80
844,1,525.00,445.93,44.08,69.88,0.81
845,1,525.00,445.93,44.66,69.97,0.80
846,1,525.00,447.26,44.88,69.35,0.80
847,1,525.00,446.44,44.96,69.77,0.80
848,1,525.00,446.13,44.99,69.93,0.80
849,1,524.34,446.02,45.66,69.33,0.78
850,1,524.09,445.98,45.92,69.76,0.79
851,1,523.34,445.97,46.67,69.93,0.77
852,1,523.06,445.97,46.94,69.99,0.76
853,1,523.62,446.63,45.73,68.69,0.73
854,1,523.84,447.55,45.26,68.86,0.71
855,1,523.92,447.23,45.08,68.26,0.71
856,1,523.96,447.10,45.02,68.04,0.72
857,1,523.97,447.05,44.99,67.97,0.72
858,1,522.66,447.03,44.99,67.94,0.74
859,1,522.16,447.02,44.98,67.94,0.74
860,1,521.98,447.02,44.98,67.94,0.73
861,1,521.92,446.35,44.99,69.27,0.70
862,1,521.25,446.76,45.65,70.43,0.71
863,1,521.00,446.92,45.90,70.86,0.71
864,1,520.92,446.98,45.99,71.03,0.71
865,1,521.55,446.34,45.36,70.42,0.71
866,1,521.80,447.42,45.12,69.52,0.72
867,1,521.90,447.83,45.03,69.18,0.73
868,1,521.94,447.98,45.00,69.05,0.69
869,1,521.96,448.03,44.99,69.00,0.69
870,1,521.97,448.05,44.99,69.65,0.72
871,1,521.31,447.39,45.65,70.55,0.69
872,1,521.73,447.14,45.24,70.89,0.68
873,1,521.23,445.73,45.74,71.67,0.66
874,1,521.70,445.19,45.27,70.65,0.67
875,1,521.89,446.32,45.09,68.26,0.71
876,1,521.96,446.76,45.02,68.03,0.72
877,1,521.98,446.92,45.00,67.28,0.70
878,1,521.99,448.31,44.99,67.01,0.71
879,1,522.00,448.83,44.99,66.92,0.68
880,1,522.00,448.35,44.99,68.22,0.66
881,1,522.00,448.82,44.99,67.40,0.68
882,1,522.00,449.00,44.99,67.09,0.69
883,1,522.00,449.06,44.99,66.97,0.70
884,1,522.00,448.41,44.99,66.28,0.69
885,1,522.00,447.50,44.99,67.35,0.69
886,1,522.00,448.47,44.99,67.10,0.71
887,1,522.00,447.52,44.99,67.66,0.71
888,1,522.00,448.48,45.00,67.22,0.72
889,1,522.00,447.52,45.00,67.71,0.73
890,1,522.00,447.16,45.00,67.90,0.72
891,1,522.00,447.03,45.00,67.97,0.73
892,1,522.00,446.98,45.00,68.00,0.72
893,1,522.00,446.97,45.00,68.01,0.71
894,1,521.34,446.96,46.32,68.01,0.70
895,1,521.09,446.96,46.81,68.01,0.69
896,1,521.00,446.97,47.00,68.01,0.68
897,1,520.97,446.97,47.06,68.01,0.68
898,1,521.62,446.97,45.76,68.01,0.68
899,1,521.87,447.64,45.26,68.67,0.69
900,1,521.96,447.89,45.07,68.91,0.72
901,1,522.00,447.98,45.00,69.01,0.71
902,1,522.01,448.02,44.98,69.04,0.70
903,1,521.35,448.03,46.30,69.04,0.68
904,1,521.10,448.03,46.14,69.04,0.68
905,1,521.01,448.03,46.07,69.04,0.68
906,1,520.98,444.72,46.04,72.34,0.61
907,1,520.97,444.14,46.03,72.91,0.62
908,1,520.97,446.54,46.02,70.51,0.62
909,1,520.97,443.50,46.02,74.21,0.57
