82,1,291.00,516.00,227.00,172.00,0.72
124,2,359.00,392.00,96.00,112.00,0.71
125,2,331.00,393.60,152.00,176.00,0.83
126,2,319.12,401.14,188.97,224.31,0.69
127,2,369.71,484.44,164.32,198.09,0.75
128,2,412.22,556.64,139.64,158.20,0.73
129,2,383.02,476.29,179.04,246.01,0.82
130,2,390.31,479.03,173.90,248.90,0.87
131,2,404.90,500.38,156.12,225.81,0.79
132,2,419.08,525.57,144.65,199.24,0.89
132,3,586.00,531.00,46.00,58.00,0.71
133,2,424.37,546.25,142.68,175.42,0.83
133,3,590.80,521.40,49.20,58.80,0.70
134,2,423.89,563.57,143.38,157.42,0.85
134,3,597.74,515.72,53.57,59.72,0.69
135,2,424.11,571.00,142.31,148.30,0.83
136,2,423.20,570.86,147.33,148.11,0.82
136,3,617.98,520.73,57.67,62.68,0.70
137,2,424.05,567.70,151.82,150.19,0.81
137,3,642.32,537.67,50.92,63.11,0.63
138,2,422.22,565.53,155.49,152.36,0.79
138,3,659.00,558.71,49.98,73.69,0.81
139,2,422.67,563.76,157.52,153.89,0.80
139,3,673.19,586.55,47.59,74.18,0.77
140,2,423.35,564.20,162.19,151.81,0.78
140,3,685.23,613.45,39.73,80.10,0.79
141,2,422.87,563.46,165.87,145.00,0.70
141,3,694.93,643.26,27.34,70.81,0.70
142,2,424.52,564.31,165.94,137.73,0.56
144,2,426.99,561.97,163.26,124.72,0.57
145,2,426.60,560.92,160.91,118.14,0.52
146,2,427.08,561.25,158.76,110.46,0.63
147,2,427.84,562.72,155.33,102.97,0.56
148,2,421.99,563.19,156.76,98.41,0.56
149,2,418.46,561.91,156.65,96.31,0.53
150,2,418.41,560.74,150.67,90.86,0.51
152,2,415.07,559.07,151.44,82.95,0.51
153,2,414.20,558.53,153.92,89.17,0.55
154,2,412.58,560.30,155.46,95.14,0.56
155,2,411.33,562.33,156.68,96.76,0.51
164,4,482.00,631.00,70.00,71.00,0.73
165,4,481.20,634.20,70.80,73.40,0.81
166,4,487.19,648.54,67.11,63.18,0.74
167,4,495.58,658.34,65.08,55.59,0.74
168,4,507.83,665.22,56.91,49.13,0.64
169,4,513.47,659.29,56.14,56.67,0.69
170,4,516.40,651.79,53.78,61.20,0.72
173,2,479.20,592.65,64.00,69.31,0.79
175,2,471.79,577.06,57.13,128.69,0.82
176,2,474.75,582.36,52.38,114.45,0.79
177,2,479.61,604.95,47.85,97.78,0.80
224,5,210.00,505.00,65.00,208.00,0.72
225,5,210.00,505.00,66.60,207.20,0.77
226,5,209.24,504.23,71.49,210.90,0.80
227,5,209.72,503.97,73.93,212.14,0.72
231,5,210.19,504.06,74.14,210.21,0.71
232,5,210.24,504.82,70.36,211.33,0.62
234,5,210.19,505.08,65.05,208.61,0.54
235,5,210.07,506.46,61.29,204.64,0.56
236,5,203.74,509.64,64.95,201.91,0.77
237,5,194.96,514.16,70.85,193.54,0.71
238,5,185.87,523.97,78.23,180.95,0.79
239,5,177.94,536.47,96.93,166.79,0.78
240,5,169.43,550.59,100.01,150.05,0.64
247,5,162.25,563.18,126.27,150.70,0.58
257,6,322.00,551.00,79.00,109.00,0.76
258,6,313.20,547.80,64.60,85.00,0.55
259,6,302.39,544.65,60.83,74.21,0.60
260,6,290.37,543.86,60.63,71.51,0.56
261,6,259.53,541.32,83.09,80.64,0.61
262,6,258.62,540.58,78.27,87.49,0.60
263,6,256.10,539.72,75.45,79.15,0.73
264,6,253.85,536.68,73.45,76.27,0.73
265,6,236.55,536.41,87.53,73.19,0.62
266,6,249.50,534.30,69.51,70.73,0.73
267,6,258.21,530.15,59.63,69.20,0.80
268,6,260.78,522.54,54.84,68.71,0.74
269,6,251.84,517.17,63.28,69.26,0.60
270,6,242.35,510.61,70.52,70.18,0.73
271,6,236.20,504.97,73.38,69.20,0.58
272,6,233.34,499.67,74.46,70.88,0.63
273,6,243.47,495.19,61.20,72.17,0.67
274,6,249.74,491.67,50.57,72.67,0.75
275,6,246.29,489.18,51.32,75.51,0.71
533,7,84.00,400.00,88.00,95.00,0.77
534,7,75.20,400.00,117.60,115.80,0.85
535,7,79.95,402.16,135.36,129.65,0.85
536,7,92.92,429.23,149.58,115.24,0.88
537,7,115.41,470.82,148.75,79.12,0.79
538,7,141.09,490.68,137.45,78.31,0.84
539,7,161.34,487.80,123.53,107.37,0.85
540,7,195.53,489.56,84.85,129.30,0.86
541,7,216.10,499.46,55.55,143.13,0.80
542,7,216.58,508.76,63.16,153.78,0.67
543,7,215.33,509.13,65.81,159.82,0.79
544,7,214.10,540.20,63.55,128.16,0.77
545,7,212.30,551.86,62.28,110.57,0.78
546,7,215.65,544.86,59.16,111.41,0.71
547,7,220.79,551.92,55.39,100.28,0.86
548,7,220.86,553.88,54.97,92.35,0.86
549,7,219.37,556.23,54.22,85.38,0.55
550,7,212.44,552.37,58.22,86.60,0.65
553,7,202.33,543.42,56.99,85.00,0.75
554,7,201.91,538.66,59.06,87.08,0.79
555,7,202.42,527.76,59.76,97.76,0.79
556,7,203.29,521.24,60.68,102.92,0.81
557,7,204.30,515.43,62.98,106.87,0.82
558,7,205.98,509.35,64.49,111.56,0.82
559,7,206.64,503.83,68.30,115.25,0.83
560,7,206.90,500.44,69.74,116.63,0.84
561,7,207.64,498.56,70.92,117.73,0.83
562,7,207.93,497.28,70.69,118.07,0.84
563,7,208.68,496.87,69.91,118.12,0.83
564,7,208.97,496.81,69.58,118.06,0.84
565,7,207.75,495.56,70.08,118.62,0.83
566,7,207.29,495.16,70.25,118.77,0.82
567,7,207.11,495.08,70.29,118.77,0.82
568,7,208.35,494.46,67.65,119.37,0.82
569,7,208.83,493.63,68.62,120.86,0.80
570,7,209.00,492.71,70.28,122.04,0.81
571,7,208.41,491.11,68.94,125.06,0.83
572,7,209.49,489.24,67.74,128.12,0.83
573,7,210.56,486.62,67.27,130.55,0.84
574,7,210.95,485.01,67.10,132.08,0.84
575,7,211.75,483.15,65.71,134.56,0.85
576,7,214.71,481.19,63.18,135.46,0.86
577,7,216.47,479.84,60.89,137.70,0.86
578,7,217.76,479.37,60.75,137.20,0.85
579,7,218.20,478.61,60.05,138.24,0.86
580,7,219.00,477.71,60.49,139.24,0.86
581,7,219.27,477.42,60.67,139.57,0.86
582,7,219.34,477.36,60.76,139.65,0.86
583,7,220.00,477.39,60.14,138.97,0.86
584,7,220.22,477.44,59.92,139.32,0.86
585,7,219.61,477.50,60.52,138.77,0.85
586,7,219.37,477.56,60.76,138.52,0.85
587,7,219.26,477.61,60.85,138.40,0.85
588,7,219.20,477.65,60.90,138.33,0.85
589,7,219.17,477.69,60.92,138.28,0.85
590,7,219.14,477.73,60.93,138.24,0.85
591,7,219.12,477.76,60.94,138.21,0.85
592,7,219.11,477.79,60.95,138.19,0.85
593,7,219.10,477.82,60.96,138.16,0.85
594,7,219.08,477.84,60.96,138.14,0.85
595,7,219.07,476.54,60.97,138.13,0.85
596,7,219.07,475.39,60.97,138.77,0.85
597,7,219.06,474.98,60.97,139.01,0.85
598,7,219.05,474.18,60.98,139.75,0.85
599,7,219.04,473.89,60.98,140.02,0.85
600,7,218.38,474.46,60.32,139.45,0.85
601,7,218.12,474.70,60.07,139.22,0.85
602,7,218.69,475.46,60.65,138.47,0.85
603,7,218.25,475.76,60.21,138.18,0.85
604,7,218.08,476.54,60.04,138.07,0.85
605,7,218.01,476.84,59.98,138.02,0.85
606,7,217.99,476.95,59.96,138.01,0.85
607,7,217.98,476.99,59.96,138.00,0.85
608,7,217.98,477.01,59.96,138.00,0.84
609,7,217.98,478.33,59.96,136.68,0.84
610,7,217.98,478.83,59.97,136.18,0.84
611,7,219.31,479.01,59.31,136.00,0.85
612,7,219.81,477.75,59.06,137.26,0.84
613,7,219.99,477.27,58.98,137.74,0.84
614,7,220.72,477.08,59.61,137.92,0.84
615,7,220.32,476.36,59.19,137.99,0.84
616,7,220.83,476.08,59.70,138.01,0.83
617,7,221.01,475.98,59.89,138.02,0.83
618,7,220.41,475.95,59.31,138.02,0.84
619,7,220.18,475.28,59.08,138.68,0.83
620,7,220.75,474.38,59.66,139.59,0.86
621,7,221.62,472.72,59.88,139.93,0.87
622,7,221.94,471.45,59.97,140.70,0.88
623,7,222.72,470.98,60.00,140.99,0.88
624,7,223.66,470.82,60.67,141.09,0.88
625,7,224.66,470.78,59.61,141.12,0.88
626,7,225.03,470.78,59.19,140.46,0.87
627,7,225.81,472.12,59.71,138.22,0.87
628,7,226.75,471.98,58.58,138.03,0.87
629,7,227.09,471.93,58.15,137.97,0.88
630,7,227.19,471.92,58.00,137.95,0.88
631,7,227.22,472.59,57.28,137.28,0.88
632,7,227.21,472.18,59.02,137.70,0.88
633,7,227.85,472.03,60.32,137.86,0.88
634,7,228.08,472.64,60.81,137.27,0.87
635,7,228.15,474.86,61.00,135.72,0.85
636,7,228.17,476.36,61.06,134.48,0.84
637,7,228.16,477.57,60.42,132.70,0.83
638,7,228.81,478.01,59.51,132.71,0.84
639,7,229.04,478.16,59.16,132.07,0.82
640,7,229.12,478.20,59.04,131.85,0.82
641,7,228.47,478.86,60.31,131.13,0.81
642,7,228.88,479.09,59.48,131.54,0.81
643,7,229.03,477.84,59.16,133.03,0.83
644,7,229.74,477.36,59.04,134.27,0.84
645,7,230.00,477.17,58.99,134.74,0.84
646,7,230.08,476.43,58.98,135.58,0.86
647,7,230.77,475.49,57.65,136.55,0.86
648,7,231.02,475.13,57.15,136.92,0.86
649,7,231.77,474.35,57.64,136.39,0.86
650,7,232.03,476.03,57.83,134.86,0.85
651,7,232.12,476.01,57.91,134.94,0.85
652,7,232.14,476.01,57.94,134.97,0.86
653,7,232.14,476.00,57.95,134.98,0.86
654,7,232.13,476.00,57.96,134.99,0.86
655,7,232.11,476.00,57.97,134.99,0.86
656,7,232.10,476.00,57.97,134.99,0.86
657,7,232.09,476.00,57.98,134.99,0.86
658,7,232.08,476.00,57.98,135.00,0.86
659,7,232.07,476.00,57.32,135.00,0.86
660,7,232.73,476.00,57.74,135.00,0.86
661,7,232.31,476.00,59.22,135.00,0.86
662,7,232.14,476.00,59.77,135.00,0.86
663,7,233.39,474.68,57.36,135.66,0.86
664,7,233.86,474.18,56.41,135.91,0.87
665,7,233.36,475.32,57.41,135.34,0.87
666,7,233.83,475.76,56.46,135.12,0.87
667,7,233.34,475.92,57.43,135.04,0.87
668,7,233.15,475.98,57.80,135.01,0.87
669,7,233.74,474.68,56.62,135.66,0.87
670,7,233.29,475.51,57.50,135.24,0.87
671,7,233.12,474.51,57.83,135.74,0.87
672,7,233.06,475.45,57.95,135.27,0.87
673,7,233.69,475.81,58.66,135.09,0.86
674,7,233.27,475.95,59.58,135.02,0.86
675,7,233.11,476.00,59.92,135.00,0.86
676,7,233.04,476.02,60.05,134.99,0.86
677,7,233.02,474.70,60.09,135.65,0.86
678,7,233.01,474.20,60.09,135.90,0.87
679,7,233.00,474.02,60.09,135.99,0.87
680,7,233.00,473.95,60.08,136.02,0.87
681,7,233.00,473.94,60.07,136.03,0.87
682,7,233.00,473.93,60.07,136.03,0.87
683,7,233.00,473.94,60.06,136.03,0.87
684,7,233.66,473.94,58.73,136.03,0.87
685,7,233.91,473.95,58.22,136.02,0.87
686,7,234.67,473.96,57.37,136.02,0.87
687,7,234.95,473.96,57.06,135.36,0.87
688,7,235.04,473.30,56.95,136.43,0.87
689,7,234.41,473.06,56.25,136.17,0.88
690,7,234.16,472.97,56.00,136.74,0.88
691,7,234.07,472.29,55.91,137.60,0.88
692,7,234.70,472.69,55.23,137.27,0.88
693,7,234.93,472.85,54.98,137.14,0.88
694,7,235.01,472.92,54.90,137.08,0.88
695,7,234.38,472.94,55.54,136.39,0.88
696,7,233.47,472.96,57.11,136.13,0.88
697,7,232.48,472.97,57.05,136.03,0.87
698,7,232.10,472.97,57.69,136.00,0.87
699,7,231.97,473.64,57.92,135.33,0.87
700,7,231.26,473.89,57.35,135.74,0.87
701,7,231.00,473.32,57.13,136.55,0.87
702,7,230.92,473.76,57.05,136.20,0.88
703,7,230.89,473.93,57.02,136.07,0.87
704,7,230.89,474.00,57.00,136.02,0.87
705,7,230.90,474.02,57.00,136.00,0.87
706,7,230.91,475.34,57.00,135.33,0.87
707,7,230.26,475.84,58.32,135.08,0.87
708,7,230.02,476.02,58.81,134.99,0.87
709,7,229.94,476.74,59.00,134.30,0.86
710,7,229.91,477.01,59.06,134.04,0.86
711,7,229.91,477.09,59.08,133.95,0.85
712,7,229.92,476.46,59.08,134.59,0.86
713,7,229.92,476.21,59.07,134.83,0.86
714,7,229.27,474.79,58.41,135.59,0.87
715,7,229.03,473.59,58.15,136.53,0.87
716,7,228.95,473.14,58.05,136.89,0.88
717,7,229.58,472.97,57.35,137.02,0.88
718,7,228.50,472.92,57.75,137.06,0.87
719,7,228.76,473.57,56.59,136.41,0.86
720,7,228.21,473.82,57.48,136.16,0.85
721,7,228.00,475.90,57.81,134.74,0.82
722,7,227.28,473.37,57.28,137.52,0.84
723,7,227.67,472.43,56.41,137.90,0.85
724,7,227.16,472.07,55.42,138.04,0.86
725,7,225.65,471.95,55.73,138.08,0.87
726,7,225.09,471.91,55.85,138.09,0.86
727,7,224.24,471.90,55.90,138.09,0.86
728,7,223.93,472.57,55.93,137.42,0.86
729,7,223.83,472.16,55.94,138.49,0.86
730,7,223.81,472.01,55.95,138.88,0.86
731,7,223.82,471.96,55.96,138.37,0.86
732,7,222.51,471.95,56.62,138.16,0.85
733,7,222.03,471.95,56.87,138.08,0.85
734,7,221.87,471.95,56.97,138.05,0.84
735,7,221.82,471.95,57.00,138.04,0.84
736,7,222.48,471.96,56.36,138.03,0.84
737,7,222.08,471.96,55.45,138.02,0.84
738,7,221.94,471.97,55.11,138.02,0.85
739,7,221.89,471.97,54.98,138.68,0.85
740,7,221.89,471.98,54.94,138.27,0.85
741,7,221.23,472.64,56.26,138.10,0.84
742,7,220.34,472.89,56.76,138.04,0.85
743,7,220.00,472.98,56.94,138.02,0.84
744,7,218.57,473.02,57.67,138.01,0.84
745,7,218.70,474.35,56.63,137.34,0.84
746,7,218.11,474.85,57.55,137.09,0.85
747,7,217.24,475.03,59.20,137.00,0.84
748,7,215.62,475.09,60.47,136.97,0.83
749,7,215.02,473.78,60.95,137.62,0.83
750,7,214.80,473.28,60.47,137.87,0.85
751,7,214.75,473.09,60.27,137.97,0.85
752,7,214.75,472.36,60.18,138.66,0.85
753,7,214.76,472.08,60.14,138.92,0.85
754,7,214.79,471.98,60.11,138.36,0.85
755,7,214.81,471.95,60.10,138.14,0.84
756,7,214.83,471.94,60.08,138.05,0.84
757,7,214.85,471.95,60.07,138.02,0.84
758,7,214.21,471.95,60.73,138.01,0.85
759,7,213.32,471.95,60.31,138.00,0.86
760,7,212.33,472.62,61.46,137.34,0.87
761,7,212.62,472.87,61.24,137.09,0.87
762,7,212.10,472.31,60.48,137.66,0.86
763,7,210.58,472.09,60.85,137.22,0.87
764,7,209.37,471.35,60.99,137.05,0.86
765,7,208.93,471.08,61.03,135.01,0.86
766,7,207.47,470.31,59.07,132.24,0.85
767,7,206.27,470.03,56.31,129.22,0.87
768,7,204.50,470.61,54.61,122.75,0.84
769,7,200.51,474.24,53.34,113.59,0.80
770,7,196.38,479.03,52.22,103.42,0.80
771,7,189.52,481.40,55.90,90.81,0.77
772,7,180.56,479.25,61.78,81.65,0.72
773,7,168.30,483.61,72.28,69.46,0.73
774,7,151.85,477.41,83.14,71.26,0.81
775,7,136.00,459.38,87.61,85.87,0.85
776,7,119.53,437.34,86.93,102.15,0.83
777,7,105.38,416.83,83.34,116.72,0.89
778,7,95.52,404.19,77.26,120.28,0.86
779,7,87.42,398.62,71.50,117.23,0.84
780,7,84.08,396.79,63.90,108.08,0.81
781,7,80.53,396.52,58.99,97.05,0.80
782,7,77.51,397.52,58.01,88.09,0.81
783,7,75.28,398.19,57.70,83.54,0.83
784,7,74.71,399.32,57.62,80.62,0.78
785,7,72.70,399.23,56.28,79.66,0.74
786,7,70.82,396.61,57.18,77.33,0.60
811,8,68.00,403.00,51.00,57.00,0.73
812,8,68.00,404.60,50.20,57.80,0.76
813,8,67.23,400.30,51.59,63.32,0.68
814,8,67.74,398.08,51.29,67.44,0.68
815,8,67.93,398.85,51.14,66.61,0.67
816,8,69.44,397.16,51.08,70.32,0.62
817,8,71.37,397.28,53.88,74.94,0.53
818,8,76.76,398.69,57.55,83.17,0.74
819,8,85.98,407.50,63.51,92.64,0.75
820,8,79.93,403.62,93.19,118.16,0.85
821,8,80.66,402.67,120.23,139.52,0.90
822,8,88.93,409.32,141.79,153.53,0.92
823,8,104.89,427.28,154.91,149.18,0.91
824,8,126.25,450.20,156.86,134.18,0.91
825,8,150.75,473.91,151.79,113.83,0.88
826,8,177.76,494.47,138.64,96.02,0.86
827,8,202.09,514.92,120.58,76.05,0.79
828,8,236.16,518.50,83.49,68.99,0.56
829,8,247.52,539.78,65.59,54.51,0.72
830,8,254.83,550.72,55.22,50.74,0.73
831,8,255.54,557.97,52.49,50.57,0.70
832,8,253.25,568.57,53.34,48.47,0.74
833,8,251.63,582.42,50.85,42.19,0.52
834,8,251.45,597.49,48.74,35.10,0.51
836,9,236.00,520.00,65.00,56.00,0.71
951,10,228.00,398.00,115.00,188.00,0.78
952,10,242.40,396.40,116.60,222.40,0.85
953,10,268.18,396.84,117.67,265.11,0.84
954,10,297.79,394.95,133.49,310.43,0.90
955,10,312.67,393.51,176.27,327.74,0.87
956,10,324.02,405.43,224.68,319.85,0.91
957,10,337.32,449.79,274.42,276.68,0.86
958,10,353.82,507.25,328.82,216.30,0.80
959,10,376.41,565.84,350.80,139.78,0.81
960,10,402.61,562.20,344.33,150.10,0.80
961,10,430.48,534.14,313.25,181.56,0.76
962,10,449.42,505.26,281.91,210.36,0.92
963,10,459.20,481.93,258.73,232.77,0.92
964,10,464.09,462.22,242.60,251.22,0.92
965,10,468.51,448.01,229.29,261.60,0.92
966,10,474.12,435.47,218.45,272.40,0.91
967,10,479.58,430.03,205.27,277.68,0.91
968,10,486.36,429.39,193.29,279.42,0.91
969,10,491.63,433.89,191.66,274.62,0.92
970,10,494.49,442.44,195.86,267.14,0.93
971,10,496.54,453.85,204.08,256.72,0.92
972,10,498.99,466.35,213.06,245.82,0.92
973,10,501.61,479.20,221.66,234.16,0.92
974,10,502.36,492.12,228.79,222.26,0.93
975,10,504.34,504.32,234.05,210.35,0.92
976,10,505.54,516.18,237.91,199.88,0.91
977,10,506.43,524.39,241.22,192.10,0.90
978,10,505.94,531.24,244.31,185.34,0.90
979,10,506.23,534.82,246.03,181.04,0.90
980,10,505.53,537.24,248.51,178.31,0.90
981,10,505.12,539.95,249.99,176.14,0.89
982,10,506.14,540.73,251.09,175.53,0.89
983,10,507.72,541.52,251.40,174.77,0.90
984,10,508.87,540.98,250.75,175.30,0.90
985,10,510.51,540.65,250.40,175.60,0.90
986,10,511.70,540.41,252.16,175.81,0.88
987,10,512.71,540.23,251.44,175.97,0.88
988,10,514.32,540.74,251.08,175.43,0.88
989,10,515.51,540.85,250.88,175.30,0.87
990,10,517.19,539.50,249.43,174.64,0.87
991,10,519.07,538.26,248.83,175.11,0.87
992,10,520.37,537.10,248.57,176.66,0.88
993,10,522.10,535.97,247.78,177.94,0.89
994,10,522.68,534.19,246.79,179.11,0.90
995,10,523.49,531.53,247.06,181.55,0.90
996,10,523.73,529.85,246.48,183.79,0.90
997,10,523.75,528.57,246.25,185.30,0.90
998,10,525.03,528.08,246.16,185.87,0.90
999,10,524.80,527.91,246.77,186.07,0.90
1000,10,525.98,527.86,245.68,185.48,0.90
1001,10,527.71,527.85,245.26,185.24,0.90
1002,10,527.65,527.86,245.76,185.15,0.90
1003,10,528.91,527.87,245.28,185.10,0.90
1004,10,529.34,527.89,245.10,185.08,0.90
1005,10,529.46,527.90,245.03,185.07,0.90
1006,10,529.47,527.91,244.34,185.06,0.90
1007,10,530.10,527.92,244.75,185.05,0.91
1008,10,530.30,528.59,244.90,184.38,0.91
1009,10,530.35,528.85,245.62,184.13,0.91
1010,10,530.34,528.95,245.24,184.03,0.91
1011,10,530.31,528.98,245.09,184.00,0.91
1012,10,529.62,529.00,244.37,183.99,0.91
1013,10,529.34,529.00,244.10,183.98,0.91
1014,10,529.88,528.34,243.34,184.64,0.91
1015,10,530.07,528.09,243.06,184.89,0.91
1016,10,530.13,528.00,242.96,184.99,0.91
1017,10,530.81,527.97,242.26,185.02,0.91
1018,10,531.05,527.96,242.01,185.03,0.91
1019,10,531.13,527.96,242.59,185.69,0.91
1020,10,531.14,528.63,244.13,185.28,0.90
1021,10,531.14,528.88,244.72,184.46,0.90
1022,10,531.13,528.97,244.94,184.14,0.90
1023,10,531.11,529.01,245.02,184.03,0.90
1024,10,531.10,529.02,245.04,183.99,0.90
1025,10,531.09,529.02,245.05,183.97,0.90
1026,10,531.08,529.02,245.05,183.97,0.90
1027,10,531.07,529.02,245.04,183.97,0.90
1028,10,531.06,529.02,245.04,183.97,0.90
1029,10,531.05,529.01,245.03,184.64,0.90
1030,10,531.05,528.35,245.69,185.55,0.90
1031,10,531.04,528.10,245.28,185.89,0.90
1032,10,531.04,528.01,245.78,186.02,0.90
1033,10,531.03,527.98,245.96,186.06,0.90
1034,10,531.03,527.97,246.03,186.07,0.90
1035,10,531.03,527.97,246.05,186.07,0.90
1036,10,530.36,526.65,245.39,187.38,0.90
1037,10,530.11,526.15,245.14,187.87,0.91
1038,10,530.68,527.29,245.70,186.73,0.90
1039,10,530.89,527.73,245.26,186.29,0.90
1040,10,531.64,527.90,246.41,186.12,0.90
1041,10,531.91,528.63,246.84,185.39,0.91
1042,10,531.35,528.90,247.66,184.45,0.90
1043,10,531.14,529.00,247.96,184.10,0.90
1044,10,531.72,529.70,246.75,183.31,0.90
1045,10,531.93,529.95,246.28,183.02,0.90
1046,10,532.67,530.71,246.76,182.26,0.91
1047,10,532.95,532.31,246.94,180.66,0.91
1048,10,533.04,531.57,247.01,181.40,0.91
1049,10,531.75,532.61,247.69,180.37,0.91
1050,10,531.26,532.99,247.95,179.99,0.90
1051,10,531.07,533.12,248.70,179.86,0.90
1052,10,531.00,533.15,248.97,179.83,0.90
1053,10,530.98,533.15,249.07,179.83,0.90
1054,10,530.97,533.14,247.78,179.85,0.90
1055,10,530.97,533.13,247.28,179.86,0.90
1056,10,530.98,533.11,247.09,179.88,0.90
1057,10,530.98,531.78,247.02,181.21,0.90
1058,10,530.32,529.95,247.66,183.04,0.90
1059,10,527.43,526.63,250.54,185.70,0.89
1060,10,521.75,524.72,262.14,184.08,0.88
1061,10,513.14,527.32,278.80,172.21,0.87
1062,10,506.02,533.10,298.61,144.61,0.90
1063,10,499.47,539.59,317.07,111.45,0.90
1064,10,495.03,527.19,327.44,109.95,0.89
1065,10,490.80,496.63,331.37,133.80,0.90
1066,10,485.39,467.50,330.77,157.25,0.90
1067,10,481.44,435.37,323.83,180.45,0.90
1068,10,474.15,407.59,316.32,195.52,0.92
1069,10,462.94,388.98,311.31,193.58,0.92
1070,10,450.93,385.19,302.04,173.24,0.87
1071,10,447.24,382.03,283.76,155.95,0.78
1072,10,466.51,380.15,235.42,154.27,0.85
1073,10,476.39,381.03,183.44,153.67,0.74
1074,10,472.18,381.10,149.40,142.77,0.66
1087,11,147.00,453.00,123.00,141.00,0.76
1088,11,141.40,452.20,123.80,136.20,0.63
1089,11,136.48,452.82,203.18,136.04,0.74
1108,12,209.00,605.00,129.00,65.00,0.71
1109,12,217.00,581.00,125.00,66.60,0.69
1110,12,207.66,545.82,139.79,78.38,0.52
1111,12,220.71,521.42,123.41,75.44,0.83
1112,12,201.01,484.40,131.34,83.89,0.70
1113,12,196.10,459.46,117.97,85.31,0.83
1114,12,188.88,436.45,102.60,90.99,0.75
1115,12,168.82,414.12,94.83,98.90,0.82
1116,12,144.53,397.16,94.19,101.24,0.82
1117,12,120.75,390.83,93.43,98.73,0.69
1120,12,82.79,388.34,68.85,71.69,0.66
1121,13,167.00,562.00,123.00,79.00,0.76
1122,13,166.20,565.20,126.20,77.40,0.75
1123,13,168.34,564.27,126.05,76.31,0.67
1124,13,169.07,562.39,123.67,74.39,0.66
1125,13,170.74,559.56,120.66,73.84,0.69
1126,13,171.97,559.46,118.28,72.25,0.66
1127,13,170.88,560.23,118.29,71.05,0.66
1128,13,171.86,559.84,117.67,71.39,0.68
1129,13,171.49,559.04,118.20,72.25,0.65
1130,13,171.33,556.06,118.44,75.31,0.66
1131,13,170.57,556.99,121.95,75.77,0.55
1132,13,223.46,570.73,71.41,63.95,0.51
1172,14,318.00,391.00,153.00,205.00,0.77
1173,14,323.60,393.40,130.60,286.60,0.66
1174,14,327.16,393.81,140.63,310.28,0.90
1175,14,333.59,444.13,144.40,271.64,0.91
1176,14,345.24,531.92,137.86,187.84,0.89
1186,13,354.03,597.99,154.96,103.97,0.51
