105,1,942.00,275.00,119.00,104.00,0.81
106,1,934.00,269.40,122.20,117.60,0.83
107,1,922.54,269.10,131.98,137.14,0.89
108,1,908.16,271.10,135.37,162.67,0.87
109,1,892.61,270.57,128.94,196.54,0.90
110,1,878.37,272.20,119.81,218.69,0.87
111,1,864.07,279.07,104.30,231.06,0.84
112,1,850.51,292.60,88.76,234.76,0.83
113,1,827.33,307.03,93.47,228.45,0.85
114,1,796.72,321.19,110.84,225.60,0.84
115,1,780.86,340.16,118.07,216.84,0.64
116,1,774.11,390.01,117.79,169.48,0.51
129,2,553.00,454.00,157.00,142.00,0.74
155,3,118.00,4.00,293.00,576.00,0.72
156,3,111.60,4.80,277.80,620.00,0.77
157,3,116.62,50.10,258.36,598.18,0.77
158,3,134.46,141.36,236.00,518.36,0.83
159,3,159.07,242.89,212.24,413.52,0.78
160,3,190.43,320.47,190.12,320.87,0.73
161,3,221.68,376.33,178.00,256.98,0.82
162,3,253.20,425.65,173.06,206.95,0.71
163,3,289.78,464.42,159.70,163.06,0.69
171,4,832.00,335.00,97.00,169.00,0.86
172,4,850.40,320.60,109.00,166.60,0.88
173,4,873.84,303.10,112.71,165.36,0.89
174,4,898.99,283.24,112.58,167.30,0.84
175,4,920.01,275.33,113.15,153.73,0.86
176,4,934.87,269.29,111.15,135.61,0.80
201,5,710.00,478.00,153.00,238.00,0.74
202,5,711.60,467.60,155.40,246.80,0.65
205,5,713.87,400.00,263.80,316.85,0.56
214,6,760.00,577.00,131.00,95.00,0.84
215,6,764.80,573.00,130.20,94.20,0.71
216,6,693.90,572.23,205.73,92.50,0.63
218,6,740.49,563.83,152.63,95.56,0.66
219,6,765.98,560.98,126.55,96.19,0.73
220,6,770.84,560.13,121.48,96.36,0.65
222,7,655.00,273.00,260.00,383.00,0.72
223,7,655.00,273.00,260.00,383.00,0.83
224,7,655.00,275.31,261.54,380.69,0.72
224,6,776.99,541.95,131.45,103.38,0.51
225,6,776.85,534.84,135.86,106.08,0.75
231,7,642.24,277.04,272.83,386.89,0.56
231,6,745.95,536.42,109.32,107.00,0.64
232,6,725.85,548.13,105.41,108.38,0.77
235,6,692.81,570.78,101.21,106.39,0.67
236,6,686.45,575.75,98.91,105.37,0.75
237,6,684.45,576.75,96.78,109.70,0.79
238,6,683.35,574.46,98.06,115.19,0.83
239,6,679.14,569.00,99.22,119.22,0.61
240,6,671.81,568.10,105.65,116.90,0.72
241,6,674.39,565.05,102.20,117.23,0.74
243,6,676.65,554.48,181.20,130.39,0.77
244,6,676.34,550.82,193.73,136.39,0.78
245,6,673.57,551.36,200.37,140.58,0.77
246,6,668.85,555.43,206.54,140.25,0.79
247,6,667.01,559.65,207.57,143.92,0.80
248,6,661.36,565.77,212.72,144.64,0.81
249,6,661.72,570.74,210.16,143.55,0.78
250,6,669.67,575.25,199.85,141.10,0.82
251,6,672.99,579.55,196.72,136.81,0.76
252,6,675.62,585.77,196.02,131.14,0.79
253,6,674.72,591.37,200.14,124.97,0.71
254,6,673.13,596.72,204.18,119.31,0.70
255,6,673.85,599.22,204.30,116.61,0.70
256,6,674.84,598.65,204.17,117.73,0.70
257,6,675.92,597.69,202.01,119.52,0.61
258,6,679.01,594.59,197.75,121.56,0.71
259,6,680.21,590.05,196.66,124.99,0.59
260,6,682.66,584.36,195.51,130.89,0.70
261,6,684.25,577.00,197.66,138.31,0.75
262,6,684.19,572.88,201.04,143.08,0.77
263,6,686.11,568.07,201.62,147.48,0.84
264,6,689.47,563.01,199.80,152.36,0.82
265,6,692.72,556.60,196.40,158.69,0.80
266,6,695.90,548.40,195.06,164.92,0.82
267,6,697.06,541.42,195.85,170.48,0.85
268,6,696.78,536.84,198.78,171.94,0.85
269,6,698.61,533.22,199.86,172.40,0.84
270,6,700.58,531.29,199.58,172.46,0.84
271,6,701.94,528.70,199.44,173.04,0.85
272,6,701.75,527.17,198.70,175.13,0.82
273,6,702.29,526.03,197.74,174.55,0.83
274,6,701.13,525.06,197.36,172.93,0.82
275,6,701.31,524.14,196.54,170.91,0.84
276,6,700.69,523.89,196.89,169.42,0.78
277,6,699.11,524.55,198.33,170.80,0.77
278,6,699.15,523.55,198.87,177.20,0.78
279,6,699.16,522.57,199.07,169.84,0.80
280,6,701.79,522.30,197.81,162.17,0.81
281,6,704.09,520.92,196.66,158.61,0.79
282,6,704.94,520.48,195.56,156.65,0.75
283,6,705.23,519.03,195.14,153.94,0.75
284,6,704.65,517.88,194.33,154.99,0.76
285,6,701.75,514.18,196.02,154.07,0.83
285,8,742.00,277.00,94.00,90.00,0.75
286,6,701.31,512.18,196.00,154.43,0.82
286,8,742.00,274.60,102.00,114.80,0.82
287,6,697.83,509.50,197.98,163.89,0.82
287,8,741.25,274.88,114.01,138.38,0.79
288,6,693.89,508.54,200.04,157.67,0.79
288,8,737.36,273.65,129.20,166.77,0.82
289,6,691.09,507.61,200.81,153.15,0.84
289,8,732.54,282.71,129.81,186.93,0.89
290,6,686.11,507.34,201.75,150.81,0.86
291,6,682.94,507.96,202.08,147.98,0.86
292,6,676.52,508.26,202.19,147.63,0.83
293,6,668.88,510.41,202.22,143.54,0.74
294,6,659.48,514.63,203.53,142.73,0.81
295,6,647.47,518.87,205.32,141.81,0.84
296,6,636.48,524.46,205.33,138.84,0.83
297,6,623.25,531.90,205.31,138.47,0.73
298,6,608.54,537.25,206.59,139.72,0.77
299,6,592.02,543.16,209.69,135.58,0.53
301,6,572.27,552.69,208.57,134.83,0.78
302,6,564.79,557.11,208.12,132.93,0.78
303,6,559.62,559.96,207.30,131.59,0.78
304,6,557.97,562.91,203.69,129.76,0.68
305,6,557.01,523.12,201.02,172.54,0.63
306,6,556.25,533.44,200.05,162.79,0.64
307,6,555.52,549.63,200.38,146.59,0.68
308,6,554.80,558.75,202.53,135.29,0.70
309,6,554.03,562.02,205.34,130.47,0.59
315,6,555.05,525.96,94.30,108.46,0.59
319,6,536.86,533.89,80.17,102.39,0.51
324,6,501.20,548.23,62.91,105.70,0.71
326,6,488.60,499.30,70.38,163.76,0.51
327,6,483.63,490.34,73.27,179.11,0.63
328,6,480.05,484.04,74.98,185.88,0.73
329,6,477.67,482.80,81.46,190.94,0.73
330,6,474.33,481.83,94.70,197.17,0.54
