593,1,145.00,393.00,116.00,104.00,0.85
594,1,148.20,400.20,108.00,128.80,0.77
595,1,151.20,403.64,99.33,148.32,0.84
596,1,162.77,411.96,87.65,159.52,0.82
597,1,173.00,418.58,80.86,165.38,0.83
598,1,193.43,423.61,59.02,165.74,0.78
599,1,192.15,424.62,59.87,176.20,0.86
600,1,196.11,426.85,53.54,179.27,0.83
601,1,204.45,427.54,42.94,180.77,0.78
602,1,206.99,427.66,39.03,181.72,0.75
603,1,206.67,428.22,39.06,181.18,0.75
604,1,208.74,430.94,40.64,179.43,0.79
605,1,205.75,431.87,44.79,177.89,0.77
606,1,206.05,432.12,45.56,177.80,0.79
607,1,206.02,432.13,45.97,177.64,0.76
608,1,205.26,430.07,45.52,178.78,0.76
609,1,201.52,428.56,47.44,177.80,0.77
610,1,199.49,427.26,47.49,177.98,0.80
611,1,196.68,426.73,48.88,177.97,0.82
612,1,193.66,425.17,49.42,178.56,0.84
613,1,191.19,424.56,50.30,178.72,0.83
614,1,190.27,424.97,46.06,176.74,0.81
615,1,186.52,426.43,44.42,165.34,0.80
616,1,179.79,433.75,47.95,132.43,0.83
617,1,172.23,442.33,53.08,99.51,0.77
618,1,183.96,448.05,41.72,42.64,0.64
876,2,214.00,361.00,53.00,104.00,0.78
877,2,210.00,362.60,63.40,119.20,0.84
878,2,204.92,361.42,81.26,136.00,0.88
879,2,199.65,382.22,98.07,131.71,0.85
880,2,198.77,414.52,109.96,118.94,0.76
881,2,195.44,456.24,117.63,93.45,0.80
882,2,186.62,503.77,124.74,60.82,0.74
884,2,172.01,573.36,140.93,64.76,0.68
885,2,179.30,602.44,119.53,59.36,0.68
886,2,182.83,636.17,102.76,49.13,0.54
887,2,183.99,663.36,100.66,51.21,0.65
1006,3,222.00,362.00,60.00,81.00,0.76
1007,3,218.00,362.00,76.00,97.80,0.84
1008,3,211.59,362.00,91.66,109.53,0.85
1009,3,208.35,364.84,106.05,121.19,0.89
1010,3,211.08,379.55,115.51,120.56,0.87
1011,3,218.84,404.58,125.38,108.00,0.86
1012,3,224.59,439.39,132.20,79.18,0.83
1013,3,223.81,474.94,139.05,49.86,0.75
1014,3,217.17,489.50,139.62,50.52,0.78
1015,3,208.66,494.64,134.96,60.83,0.83
1016,3,206.55,503.32,126.81,68.52,0.69
1017,3,200.47,515.24,122.62,78.83,0.76
1018,3,205.55,527.83,107.59,82.87,0.65
1019,3,200.72,549.64,104.91,78.05,0.58
1020,3,198.41,578.27,97.16,57.29,0.62
1037,4,164.00,581.00,108.00,124.00,0.86
1051,5,132.00,558.00,75.00,88.00,0.72
1052,5,131.20,556.40,75.00,88.00,0.58
1055,5,126.27,550.34,78.79,90.84,0.52
1057,5,124.03,545.39,78.29,88.56,0.63
1059,5,117.93,541.97,82.11,88.00,0.51
1060,5,116.78,540.02,79.52,88.70,0.58
1158,6,216.00,363.00,82.00,87.00,0.83
1159,6,206.40,362.20,101.20,92.60,0.84
1160,6,204.68,362.80,113.99,101.96,0.84
1161,6,203.29,377.64,121.86,94.34,0.83
1162,6,202.12,400.51,132.79,81.91,0.78
1163,6,199.72,430.37,135.34,61.03,0.59
1165,6,189.01,474.26,141.93,45.74,0.72
1168,6,236.29,522.72,55.49,31.99,0.62
1183,7,119.00,508.00,126.00,170.00,0.77
1184,7,119.80,508.80,125.20,168.40,0.74
1185,7,116.09,504.32,128.13,171.96,0.77
1190,7,142.05,526.14,94.06,144.85,0.68
1191,7,143.57,532.96,89.71,137.76,0.77
1192,7,143.35,532.65,88.51,135.09,0.69
1193,7,141.02,524.68,89.01,141.41,0.73
1194,7,136.62,521.21,90.76,144.35,0.61
1195,7,135.02,525.25,90.13,139.50,0.69
1196,7,131.66,539.04,86.60,121.39,0.64
1197,7,127.66,529.75,86.13,129.18,0.63
1198,7,124.91,548.30,83.99,107.45,0.66
1321,8,104.00,486.00,104.00,142.00,0.71
1322,8,104.80,486.80,102.40,141.20,0.73
1323,8,105.73,489.27,99.77,139.50,0.68
1324,8,106.83,488.52,98.11,139.72,0.64
1325,8,106.36,486.73,100.74,142.09,0.62
1326,8,107.64,488.28,100.17,141.44,0.67
1327,8,108.77,487.43,99.27,141.89,0.60
1328,8,108.44,486.43,100.36,142.73,0.63
1329,8,108.30,487.43,100.77,143.03,0.63
1330,8,107.55,488.49,102.27,142.44,0.62
1331,8,107.92,489.55,102.16,140.86,0.63
1357,8,121.98,546.79,95.03,110.13,0.58
1358,8,124.29,534.63,94.92,124.89,0.54
1361,8,127.75,561.01,94.95,102.79,0.51
1362,8,130.93,568.01,92.92,97.72,0.66
1368,8,142.62,540.39,92.98,137.76,0.56
1376,9,222.00,363.00,50.00,75.00,0.76
1377,9,222.80,363.00,50.80,77.40,0.65
1378,9,223.72,362.24,58.62,99.98,0.65
1379,9,222.61,361.96,69.95,120.79,0.75
1380,9,220.84,361.23,82.71,138.01,0.86
1380,8,150.24,512.88,109.63,188.55,0.56
1381,9,223.27,364.07,91.48,144.01,0.86
1382,9,225.59,374.87,104.81,150.70,0.87
1383,9,229.59,390.02,114.42,147.84,0.86
1384,9,236.80,404.62,119.42,144.61,0.84
1385,9,241.71,418.06,129.81,140.89,0.82
1386,9,249.20,434.25,137.56,137.72,0.83
1387,9,255.37,456.70,147.27,128.27,0.78
1388,9,262.16,483.22,154.74,109.38,0.69
1389,9,271.08,515.89,160.03,87.66,0.68
1390,9,282.15,545.60,163.15,74.04,0.78
1391,9,297.22,571.14,164.76,64.74,0.63
1392,9,311.40,592.97,164.48,60.68,0.77
1393,9,325.20,609.11,164.09,58.93,0.70
1394,9,337.51,622.84,161.76,54.21,0.55
1395,9,350.52,634.23,160.58,53.67,0.58
