67,1,341.00,636.00,93.00,81.00,0.76
68,1,347.40,625.60,91.40,91.40,0.83
69,1,353.29,614.79,89.54,101.47,0.88
70,1,360.74,604.27,89.72,111.71,0.84
71,1,368.86,595.82,89.07,118.70,0.84
72,1,380.73,590.93,88.15,120.35,0.88
73,1,390.14,584.76,90.00,122.62,0.77
74,1,395.89,578.72,92.73,123.91,0.84
75,1,398.36,570.10,95.75,126.16,0.87
76,1,399.00,562.45,99.52,126.85,0.89
77,1,399.01,554.54,104.20,128.90,0.84
78,1,400.78,546.53,105.95,132.81,0.87
79,1,401.90,539.79,109.18,136.79,0.89
80,1,404.13,533.54,109.07,138.86,0.90
81,1,405.46,528.78,111.55,139.53,0.89
83,1,408.59,517.73,117.69,143.71,0.89
84,1,408.94,515.57,119.36,143.94,0.89
85,1,407.68,512.90,119.97,144.67,0.87
86,1,405.77,510.08,118.87,144.95,0.88
87,1,400.96,508.52,119.09,145.04,0.87
88,1,395.11,506.12,117.19,146.39,0.85
89,1,387.51,504.03,115.13,148.21,0.90
90,1,379.29,504.03,114.35,148.23,0.86
91,1,372.90,504.18,111.41,148.22,0.88
92,1,367.85,506.34,108.30,146.88,0.83
93,1,362.01,507.93,105.15,146.36,0.83
94,1,357.91,508.62,101.33,146.82,0.87
95,1,354.47,510.27,99.98,146.99,0.86
96,1,350.62,512.28,98.86,145.73,0.87
97,1,348.63,513.09,96.49,145.24,0.84
98,1,346.67,513.43,95.00,145.06,0.80
99,1,344.71,510.94,94.52,146.32,0.85
100,1,343.42,508.71,94.40,147.45,0.87
101,1,342.37,505.92,92.39,147.88,0.89
102,1,338.71,502.93,92.38,148.69,0.87
103,1,338.13,501.84,87.73,148.33,0.87
103,2,31.00,281.00,215.00,294.00,0.81
104,1,334.63,497.52,86.73,148.85,0.88
104,2,28.60,322.60,213.40,266.00,0.92
105,1,332.10,493.31,85.08,150.35,0.89
105,2,26.59,340.42,214.64,264.41,0.88
106,1,328.57,488.49,83.86,152.22,0.87
106,2,23.59,356.96,217.38,267.09,0.80
107,1,322.65,486.08,86.18,150.95,0.88
107,2,18.24,368.24,221.93,269.45,0.77
108,1,319.91,483.93,87.05,151.76,0.88
108,2,14.40,376.38,222.66,269.46,0.62
109,1,316.34,481.23,87.42,152.71,0.81
110,1,311.80,478.97,90.24,154.37,0.85
110,2,6.58,384.04,228.22,274.20,0.56
111,1,308.88,476.88,90.65,154.99,0.83
111,2,4.70,385.26,230.34,274.27,0.60
112,1,305.91,475.52,92.14,155.85,0.75
112,2,8.15,383.43,230.38,275.63,0.85
113,1,304.24,474.43,93.36,156.82,0.79
113,2,12.88,382.48,229.03,272.08,0.90
114,1,301.75,472.78,94.48,156.51,0.81
114,2,19.40,379.82,225.14,268.03,0.88
115,1,300.91,470.92,94.90,155.70,0.82
115,2,23.21,373.23,227.03,269.21,0.89
116,1,300.70,469.63,95.05,155.38,0.87
116,2,25.27,367.99,228.39,270.33,0.91
117,1,300.06,469.22,96.41,154.58,0.88
117,2,25.36,362.61,232.87,272.09,0.90
118,1,301.86,467.81,95.61,154.27,0.87
118,2,25.37,359.86,235.20,270.76,0.90
119,1,302.64,466.69,95.95,154.80,0.85
119,2,25.34,356.79,236.72,270.25,0.90
120,1,302.35,466.33,97.38,155.00,0.84
120,2,25.96,351.64,235.94,268.73,0.89
121,1,304.25,465.60,97.26,155.06,0.86
121,2,26.18,345.06,234.94,268.83,0.89
122,1,307.01,464.72,95.88,154.42,0.88
122,2,26.24,338.64,234.53,268.88,0.89
123,1,308.76,464.44,95.35,154.17,0.88
123,2,25.58,333.62,233.70,265.59,0.92
124,1,310.77,465.05,94.48,154.74,0.88
124,2,25.98,329.15,234.68,266.35,0.92
125,1,312.20,465.98,93.49,154.29,0.89
125,2,26.11,327.56,233.72,264.67,0.92
126,1,314.74,466.38,92.45,154.11,0.89
126,2,28.80,327.73,230.03,262.72,0.91
127,1,316.35,467.22,91.40,153.38,0.88
127,2,30.46,327.88,229.29,262.01,0.92
128,1,317.60,466.90,91.69,154.43,0.87
128,2,31.06,329.34,229.69,260.44,0.91
129,1,319.38,467.45,90.48,154.17,0.86
129,2,31.26,319.33,233.15,269.85,0.87
130,1,320.02,468.35,90.04,154.07,0.87
130,2,32.62,293.44,234.45,294.92,0.88
131,1,320.90,470.02,90.55,153.37,0.88
131,2,33.12,279.90,238.89,307.54,0.91
132,1,321.87,470.66,90.09,153.10,0.87
132,2,37.87,274.67,237.93,311.84,0.90
133,1,321.54,470.90,91.26,153.00,0.86
133,2,40.32,271.55,240.83,314.02,0.91
134,1,322.05,471.65,91.04,153.63,0.83
134,2,43.83,270.55,241.90,314.07,0.91
135,1,322.89,473.25,92.29,153.87,0.85
135,2,45.77,269.71,244.24,314.60,0.91
136,1,323.18,474.51,92.76,153.30,0.85
136,2,49.08,270.23,243.13,313.37,0.91
137,1,323.26,476.30,93.60,153.09,0.85
137,2,52.92,269.95,240.69,312.12,0.90
138,1,327.88,477.61,90.63,152.35,0.87
138,2,61.57,270.00,233.12,309.58,0.89
139,1,329.62,478.09,90.15,152.07,0.86
139,2,66.09,270.16,230.90,307.86,0.89
140,1,330.89,480.89,91.30,149.98,0.81
140,2,69.66,270.35,228.10,307.14,0.88
141,1,331.33,483.25,91.74,147.87,0.79
141,2,70.88,271.19,228.41,306.81,0.88
142,1,331.46,486.10,91.91,146.44,0.82
142,2,74.54,272.27,227.23,308.62,0.87
143,1,332.79,487.11,91.97,146.59,0.83
143,2,75.14,272.10,231.47,314.53,0.89
144,1,333.25,487.45,92.00,146.67,0.82
144,2,78.57,270.78,234.39,323.27,0.91
145,1,334.72,488.19,90.02,146.06,0.86
145,2,85.70,297.01,241.42,310.93,0.81
146,1,335.89,489.75,88.61,145.85,0.84
146,2,90.26,344.02,248.64,289.97,0.87
147,1,336.29,491.62,88.09,144.46,0.84
147,2,95.16,376.57,251.37,286.12,0.80
148,1,338.40,492.28,86.58,143.30,0.80
148,2,96.27,395.34,251.72,282.78,0.53
149,1,339.15,493.14,86.70,142.22,0.78
149,2,96.56,413.97,255.71,285.64,0.71
150,1,341.39,494.09,85.43,141.17,0.80
150,2,96.57,426.46,259.14,283.43,0.79
151,1,340.85,495.73,87.64,141.48,0.82
152,1,340.62,495.63,89.13,142.28,0.82
153,1,340.50,496.22,91.67,141.94,0.86
154,1,341.08,496.40,92.63,141.83,0.87
155,1,341.93,497.09,94.30,141.14,0.87
156,1,342.88,497.32,94.27,140.90,0.86
157,1,345.18,497.37,92.93,140.16,0.84
158,1,346.69,498.03,91.74,139.24,0.84
159,1,348.55,497.58,91.28,138.91,0.83
160,1,349.87,497.39,90.45,138.81,0.82
161,1,350.33,497.29,89.47,138.79,0.79
162,1,352.45,497.24,88.44,138.80,0.77
163,1,352.53,497.20,89.39,138.81,0.76
164,1,352.53,497.18,89.75,138.83,0.82
165,1,351.83,497.16,91.21,138.19,0.84
166,1,352.19,497.14,90.45,137.96,0.80
167,1,351.64,495.79,91.48,138.55,0.80
168,1,351.41,494.62,91.86,138.78,0.79
169,1,351.30,494.18,92.00,138.87,0.76
170,1,351.90,494.02,90.73,138.91,0.77
171,1,352.11,493.30,90.25,139.59,0.76
172,1,352.17,493.03,89.40,141.17,0.80
173,1,350.19,492.94,90.41,140.45,0.83
174,1,349.44,492.91,90.80,140.17,0.84
175,1,348.49,492.91,92.26,140.73,0.82
176,1,348.79,492.92,91.50,140.27,0.81
177,1,348.25,490.94,91.86,140.76,0.80
178,1,346.07,488.89,93.97,142.26,0.84
179,1,343.95,484.18,96.07,144.14,0.85
180,1,343.80,478.48,96.20,146.81,0.76
188,1,344.84,449.94,127.48,162.27,0.65
189,1,343.69,449.78,131.80,162.47,0.89
190,1,343.86,453.02,132.22,162.52,0.89
191,1,342.65,456.94,131.64,162.51,0.90
192,1,344.11,463.75,127.46,159.85,0.90
193,1,345.34,469.05,123.78,158.80,0.89
194,1,345.81,475.01,119.68,158.39,0.51
195,1,344.65,480.55,117.43,156.90,0.70
199,1,350.33,494.84,113.53,154.34,0.55
200,1,355.18,499.09,110.94,152.64,0.82
201,1,358.12,503.17,110.77,151.41,0.71
201,3,138.00,435.00,248.00,245.00,0.78
202,3,154.80,435.00,242.40,239.40,0.73
204,3,191.13,431.38,230.29,228.19,0.64
205,3,214.09,430.80,221.34,218.62,0.81
206,3,234.47,429.19,213.67,212.24,0.70
206,1,378.62,527.82,104.52,140.02,0.66
231,4,346.00,457.00,167.00,160.00,0.79
232,4,342.00,457.80,163.80,158.40,0.73
233,4,338.90,455.63,159.30,158.09,0.76
234,4,337.09,451.80,151.50,165.79,0.83
235,4,328.13,449.91,151.67,163.07,0.52
236,4,326.24,447.96,148.93,151.79,0.64
237,4,325.10,445.25,143.86,143.45,0.86
238,4,324.19,443.02,139.43,140.07,0.86
239,4,326.84,441.66,132.43,139.07,0.89
240,4,323.66,439.19,131.61,139.55,0.90
241,4,317.09,437.03,134.93,141.88,0.88
242,4,316.86,435.64,132.82,142.81,0.86
243,4,316.91,433.88,132.17,143.22,0.84
244,4,317.02,431.97,132.02,141.41,0.81
245,4,316.46,431.34,132.73,140.11,0.82
246,4,314.31,429.85,134.40,138.33,0.84
247,4,313.56,428.03,135.07,137.04,0.84
248,4,316.00,427.42,133.37,135.28,0.82
249,4,314.98,426.60,133.45,132.66,0.80
250,4,314.64,425.70,132.84,132.42,0.70
251,4,313.23,424.75,132.65,131.04,0.74
252,4,310.74,424.46,133.28,129.91,0.78
253,4,309.85,423.73,133.54,130.22,0.70
254,4,308.24,423.51,133.66,130.37,0.78
255,4,307.01,422.14,134.39,130.47,0.76
256,4,307.25,421.67,133.36,130.55,0.76
257,4,307.40,420.88,132.98,131.27,0.75
258,4,306.16,420.61,132.86,131.56,0.77
259,4,305.07,421.22,133.49,131.04,0.76
260,4,304.70,421.48,133.08,130.85,0.74
261,4,303.27,422.27,132.93,131.47,0.73
262,4,303.43,422.59,131.56,131.71,0.75
263,4,303.53,423.39,131.06,131.15,0.73
264,4,303.60,423.70,130.89,131.62,0.74
265,4,302.98,424.49,132.16,130.48,0.71
266,4,304.76,424.80,131.99,130.06,0.72
267,4,305.45,424.92,132.60,129.25,0.72
268,4,307.05,424.96,132.83,128.96,0.73
269,4,307.66,424.98,132.92,129.52,0.67
270,4,307.89,424.99,132.96,129.09,0.73
271,4,307.32,424.99,134.29,129.60,0.76
272,4,307.76,424.99,136.11,129.80,0.81
273,4,308.58,424.99,136.14,129.88,0.80
274,4,308.90,424.99,136.14,129.92,0.80
275,4,308.35,424.33,137.45,129.94,0.79
276,4,308.14,424.75,138.59,129.29,0.78
277,4,310.69,424.91,139.01,129.04,0.75
278,4,314.28,424.97,137.84,128.96,0.71
279,4,317.62,424.99,136.71,128.93,0.67
280,4,320.84,426.32,138.93,127.61,0.76
281,4,324.63,427.49,141.06,125.78,0.74
282,4,331.93,429.92,139.90,123.11,0.80
283,4,337.97,431.48,140.09,120.80,0.79
284,4,341.48,433.38,140.15,117.96,0.77
285,4,344.04,434.73,140.81,115.60,0.81
286,4,346.22,435.86,141.71,112.76,0.81
287,4,348.27,435.57,142.04,111.10,0.85
288,4,351.58,434.75,140.18,111.22,0.84
289,4,354.72,433.76,140.11,111.32,0.85
290,4,356.47,431.37,141.40,111.40,0.78
291,4,359.67,429.80,140.57,111.48,0.61
293,4,368.12,429.79,137.04,110.92,0.55
295,4,373.20,428.17,138.51,111.78,0.56
297,4,378.96,429.38,136.58,108.82,0.72
298,4,381.26,431.09,136.11,107.47,0.76
299,4,382.03,431.01,136.62,105.68,0.74
304,4,402.27,433.63,128.73,98.59,0.53
305,4,405.14,433.90,129.42,98.00,0.77
306,4,407.43,434.66,128.96,96.45,0.79
307,4,410.16,435.61,128.14,95.24,0.76
308,4,413.06,436.62,107.86,92.81,0.56
309,4,413.88,436.99,92.85,91.27,0.51
310,4,414.70,437.11,83.71,90.74,0.54
316,4,415.04,434.16,131.56,97.47,0.54
317,4,414.87,433.92,135.44,98.06,0.52
318,4,415.44,433.84,135.51,98.26,0.57
319,4,415.69,433.83,135.29,98.96,0.55
320,4,415.80,433.83,135.02,99.21,0.52
321,4,416.49,433.19,134.11,99.94,0.61
322,4,416.13,432.95,134.23,100.19,0.62
323,4,415.99,433.53,134.14,98.95,0.63
324,4,416.59,434.43,132.02,97.80,0.73
325,4,415.52,436.10,131.71,97.34,0.69
326,4,414.47,437.39,131.49,96.51,0.66
327,4,414.72,439.20,130.00,94.86,0.74
328,4,414.83,441.20,129.99,92.90,0.69
329,4,415.54,440.59,129.26,93.52,0.65
330,4,416.47,440.35,129.57,93.09,0.61
331,4,418.14,439.58,130.96,93.61,0.67
332,4,419.43,438.61,130.12,92.48,0.62
333,4,421.24,438.24,130.41,91.40,0.76
334,4,421.25,436.76,129.16,90.34,0.64
335,4,421.89,436.88,99.55,87.96,0.53
349,4,420.88,435.92,91.07,103.73,0.56
350,4,420.18,437.87,118.63,106.21,0.69
351,4,419.96,439.89,104.07,109.05,0.64
352,4,420.57,443.25,96.22,108.83,0.81
353,4,420.12,447.81,121.97,114.54,0.85
354,4,419.96,452.72,133.51,117.96,0.85
355,4,420.52,455.91,139.61,121.17,0.89
356,4,420.14,460.33,144.49,124.94,0.90
357,4,419.35,464.57,150.11,132.76,0.91
358,4,419.05,469.34,154.75,136.38,0.91
359,4,418.30,476.29,159.00,137.74,0.91
360,4,419.28,484.74,161.18,140.10,0.91
361,4,419.68,495.01,165.09,142.87,0.91
362,4,420.48,505.34,167.78,145.79,0.90
363,4,422.08,515.03,169.34,148.13,0.90
364,4,421.42,523.17,172.38,152.18,0.89
365,4,421.81,530.04,174.73,158.17,0.85
366,4,421.31,537.67,177.45,159.78,0.81
367,4,421.76,540.48,180.97,164.17,0.85
368,4,425.16,539.48,184.16,166.42,0.87
369,4,426.48,536.96,186.57,170.42,0.88
370,4,429.57,531.98,188.03,174.45,0.88
371,4,428.80,524.76,192.37,178.50,0.89
372,4,444.63,521.84,177.15,167.74,0.83
373,4,454.29,513.88,168.12,163.24,0.87
374,4,459.75,508.23,160.73,167.49,0.88
375,4,464.33,504.18,153.28,172.95,0.82
376,4,469.26,502.63,146.50,176.93,0.77
377,4,457.17,504.64,154.40,179.05,0.78
378,4,443.02,507.39,163.79,181.09,0.83
379,4,429.82,512.36,173.21,181.80,0.64
380,4,417.63,515.58,181.36,183.29,0.68
381,4,410.35,518.09,186.42,186.40,0.74
382,4,408.89,520.98,188.98,190.13,0.73
383,4,410.39,522.06,189.88,192.14,0.72
384,4,412.39,523.08,190.79,192.18,0.73
385,4,414.57,522.12,191.05,194.07,0.72
386,4,416.14,521.06,190.42,196.03,0.71
387,4,416.82,520.63,189.44,196.70,0.73
388,4,417.13,517.81,185.06,198.85,0.71
389,4,414.66,516.07,182.66,200.26,0.73
390,4,412.45,514.08,181.07,202.69,0.76
391,4,407.03,511.37,180.46,206.16,0.62
392,4,403.73,539.62,178.89,175.53,0.64
393,4,399.91,562.99,179.62,152.43,0.65
394,4,395.90,571.56,181.88,143.88,0.68
395,4,391.84,574.21,184.70,140.50,0.72
396,4,386.45,574.23,188.38,141.59,0.69
397,4,383.19,574.07,191.07,142.12,0.75
398,4,380.73,566.38,192.07,148.55,0.64
399,4,379.25,562.85,193.06,152.28,0.64
400,4,378.14,503.32,192.09,210.54,0.71
401,4,376.51,482.57,191.01,231.46,0.58
402,4,377.97,470.36,182.66,241.29,0.65
403,4,377.31,464.27,186.15,247.61,0.69
404,4,381.07,460.79,186.10,252.44,0.68
405,4,383.90,457.73,186.73,256.03,0.71
406,4,385.67,457.38,186.31,257.23,0.61
407,4,391.67,470.29,182.17,244.01,0.53
408,4,395.96,498.11,179.27,216.71,0.66
409,4,412.23,529.62,165.52,186.07,0.62
410,4,427.95,541.81,150.75,174.18,0.65
411,4,413.84,542.98,164.49,172.41,0.68
412,4,417.12,541.91,159.77,173.26,0.64
413,4,406.18,489.21,168.11,226.56,0.63
414,4,419.90,510.49,150.18,204.87,0.65
415,4,387.24,510.59,179.78,205.23,0.71
416,4,371.74,508.05,191.13,207.94,0.64
417,4,357.14,499.33,202.14,215.41,0.76
418,4,348.28,494.14,206.44,218.19,0.79
419,4,340.45,496.78,209.95,210.05,0.86
420,4,338.85,493.36,206.06,210.01,0.85
421,4,334.56,491.51,205.68,209.28,0.86
422,4,327.87,490.25,209.37,209.60,0.81
423,4,326.13,485.93,209.39,214.27,0.76
424,4,315.22,490.25,217.13,211.42,0.86
425,4,309.26,494.04,220.01,210.90,0.85
426,4,307.15,475.74,221.67,233.75,0.79
427,4,309.14,485.49,219.60,225.67,0.82
428,4,308.82,489.12,219.34,222.72,0.82
429,4,305.57,495.16,221.13,216.91,0.88
430,4,300.55,496.84,226.32,215.31,0.88
431,4,318.27,498.15,208.73,214.01,0.76
432,4,316.14,496.67,210.36,214.16,0.78
433,4,295.55,494.80,230.79,214.86,0.90
434,4,283.54,492.78,241.48,214.45,0.89
435,4,280.18,492.04,243.73,214.28,0.87
436,4,283.59,491.13,240.58,214.86,0.85
437,4,286.43,489.49,237.89,216.39,0.84
438,4,284.37,486.92,239.39,218.27,0.86
439,4,290.90,485.97,232.03,218.31,0.82
440,4,292.91,484.33,231.08,217.64,0.84
441,4,305.62,485.07,219.45,215.38,0.83
442,4,310.57,482.08,214.96,216.50,0.85
443,4,322.44,480.33,203.27,216.91,0.82
444,4,328.19,478.40,196.92,217.06,0.86
445,4,329.50,476.39,195.42,218.43,0.84
446,4,328.54,475.02,194.97,216.95,0.82
447,4,328.10,474.55,194.91,215.72,0.82
448,4,329.21,473.10,192.29,215.25,0.85
449,4,309.40,471.94,210.22,215.07,0.83
450,4,308.74,469.57,208.27,215.01,0.86
451,4,307.88,468.73,208.13,213.00,0.86
452,4,312.88,466.47,200.82,213.57,0.88
453,4,312.82,463.03,198.70,215.78,0.85
454,4,302.82,463.11,207.94,217.27,0.86
455,4,293.30,461.88,212.64,217.18,0.89
456,4,294.25,461.47,205.96,216.47,0.91
457,4,291.42,460.71,203.32,216.86,0.88
458,4,286.45,461.13,203.67,215.68,0.84
459,4,286.00,462.67,200.50,213.90,0.89
460,4,280.61,464.61,203.31,213.90,0.88
461,4,272.74,466.03,206.34,213.24,0.87
462,4,263.95,467.24,206.84,211.68,0.90
463,4,255.45,466.38,204.38,209.77,0.92
464,4,244.43,465.40,206.09,209.74,0.92
465,4,237.16,467.69,202.78,209.08,0.91
466,4,228.64,474.53,200.85,204.21,0.92
467,4,221.68,481.13,198.81,201.73,0.88
468,4,215.30,490.88,198.73,197.51,0.88
469,4,209.15,496.45,202.04,200.02,0.81
470,4,204.41,501.74,200.00,203.63,0.82
471,4,200.21,505.60,199.22,205.02,0.80
472,4,198.19,509.58,198.95,204.25,0.86
473,4,195.65,512.95,201.51,203.30,0.86
474,4,193.56,516.08,203.13,199.65,0.85
475,4,192.94,521.11,203.75,194.96,0.80
476,4,194.86,523.52,203.32,193.25,0.65
477,4,197.07,519.61,203.81,196.67,0.76
478,4,198.68,511.46,205.97,203.25,0.66
479,4,196.10,474.99,210.06,234.51,0.73
480,4,191.93,463.33,211.60,238.01,0.78
481,4,189.12,459.88,211.50,234.13,0.72
482,4,187.49,457.39,212.75,233.74,0.64
483,4,184.99,457.86,209.25,228.93,0.86
484,4,182.83,462.80,208.54,222.37,0.87
485,4,181.44,458.16,208.27,225.12,0.89
486,4,181.01,457.17,208.15,225.45,0.89
487,4,180.94,458.87,206.12,224.21,0.86
488,4,179.67,456.31,206.01,227.66,0.85
489,4,178.60,459.34,205.97,224.99,0.84
490,4,176.29,459.27,206.62,225.24,0.85
491,4,173.50,458.64,206.21,225.31,0.86
492,4,170.53,456.47,206.05,227.29,0.87
495,4,162.36,450.50,200.93,233.91,0.54
499,4,136.00,454.91,196.48,235.83,0.81
500,4,130.58,461.76,195.34,232.56,0.75
501,4,126.11,463.42,196.30,232.78,0.74
502,4,121.28,479.89,197.99,218.99,0.86
503,4,114.34,469.89,199.29,232.01,0.53
545,5,184.00,384.00,382.00,114.00,0.78
546,5,182.40,381.60,383.60,140.40,0.86
547,5,188.25,380.45,373.13,153.05,0.86
548,5,234.37,379.28,319.94,165.22,0.74
549,5,278.48,378.87,272.38,169.41,0.79
550,5,291.54,375.34,258.70,176.69,0.80
551,5,286.62,374.05,259.70,184.47,0.71
552,5,294.02,372.95,249.76,185.22,0.81
553,5,275.20,371.26,265.73,200.98,0.58
554,5,229.91,371.91,308.07,229.14,0.69
555,5,216.37,367.25,315.42,259.29,0.80
556,5,214.90,365.34,300.11,272.78,0.79
557,5,223.33,363.35,256.32,282.34,0.78
558,5,246.01,365.09,208.66,291.46,0.77
559,5,260.51,353.90,180.49,315.51,0.79
560,5,276.01,330.92,165.16,349.00,0.87
561,5,289.40,327.75,138.92,361.76,0.85
562,5,288.45,319.09,132.76,374.61,0.87
563,5,273.94,308.81,149.95,385.02,0.89
564,5,260.85,304.17,175.18,389.40,0.87
565,5,233.57,313.89,210.20,377.32,0.78
566,5,166.74,321.89,294.27,377.70,0.64
567,5,221.46,332.79,253.23,305.82,0.75
568,5,239.23,343.90,249.67,261.56,0.79
569,5,222.50,379.86,269.61,242.37,0.50
571,5,228.45,412.62,270.27,203.41,0.60
572,5,236.54,419.05,265.22,193.62,0.59
573,5,232.15,423.04,271.37,187.21,0.70
574,5,232.50,431.15,272.34,179.65,0.74
575,5,237.23,434.36,266.83,175.93,0.66
576,5,239.73,433.81,256.79,183.26,0.86
577,5,250.72,427.44,239.64,192.65,0.81
578,5,259.56,420.97,223.81,204.17,0.85
579,5,278.52,408.01,189.33,237.88,0.82
580,5,326.55,381.41,117.76,306.44,0.85
581,5,365.73,366.14,110.87,340.21,0.76
582,5,355.27,355.76,160.50,353.64,0.63
583,5,357.20,349.62,184.48,346.45,0.71
584,5,339.16,345.35,214.07,346.11,0.71
585,5,332.67,344.42,220.68,343.14,0.68
586,5,328.88,343.55,223.06,341.00,0.68
587,5,338.00,342.68,209.03,344.40,0.79
588,5,348.69,341.80,191.74,348.05,0.79
589,5,352.52,341.57,180.84,348.57,0.73
598,5,374.01,379.48,148.22,284.97,0.51
600,5,354.12,368.91,157.59,317.43,0.65
601,5,351.72,366.64,150.99,335.07,0.78
602,5,348.84,360.64,143.00,350.07,0.79
603,5,345.78,351.24,144.16,360.89,0.83
604,5,340.71,332.15,151.97,372.62,0.79
605,5,336.92,315.78,146.33,377.60,0.80
606,5,336.23,293.35,119.18,397.33,0.59
607,5,338.40,285.48,99.98,392.01,0.57
608,5,339.21,283.34,94.82,375.09,0.70
609,5,338.04,278.89,92.67,351.60,0.63
610,5,340.53,282.94,96.42,318.90,0.76
611,5,322.26,284.13,109.41,281.15,0.59
612,5,289.90,282.76,132.13,243.72,0.68
713,6,981.00,5.00,107.00,105.00,0.73
717,7,835.00,1.00,305.00,299.00,0.75
718,7,803.00,0.20,341.80,339.00,0.66
719,7,771.82,0.79,375.35,346.39,0.65
720,7,720.34,0.26,431.35,362.71,0.67
721,7,662.88,0.78,489.74,394.63,0.69
722,7,623.15,0.29,525.86,392.02,0.53
723,7,610.53,0.78,538.17,408.45,0.51
724,7,607.95,0.29,540.57,442.71,0.70
725,7,609.08,0.10,540.63,457.99,0.60
725,8,1008.00,222.00,144.00,123.00,0.77
726,7,601.64,1.32,552.41,467.92,0.50
726,8,1012.00,233.20,140.80,112.60,0.70
727,8,1010.45,254.44,143.28,101.03,0.74
728,7,578.77,14.37,575.31,461.30,0.61
729,7,570.35,35.13,586.52,446.71,0.74
730,7,563.53,57.62,599.65,430.96,0.65
731,7,551.46,77.60,616.95,417.93,0.61
732,7,534.17,112.85,644.89,374.14,0.73
733,7,525.22,156.68,663.87,337.21,0.61
735,7,503.51,189.48,685.61,315.66,0.55
736,7,496.18,195.55,682.98,307.87,0.53
737,7,483.15,213.77,684.63,311.43,0.52
738,7,477.81,222.62,680.63,316.13,0.53
741,7,476.22,219.49,659.99,331.33,0.72
743,7,518.14,207.45,665.94,274.83,0.56
744,7,568.38,120.78,651.41,337.67,0.77
745,7,635.13,43.97,602.11,396.53,0.84
746,7,740.03,12.84,493.26,413.67,0.87
747,7,839.57,0.30,380.07,412.32,0.84
748,7,915.75,-4.68,251.93,387.53,0.56
749,7,949.47,-5.79,191.58,367.98,0.71
750,7,940.69,-4.29,173.44,349.78,0.74
751,7,914.16,-3.85,169.60,323.40,0.79
752,7,898.68,-4.41,152.46,289.57,0.71
792,9,685.00,115.00,138.00,217.00,0.78
793,9,691.40,139.80,138.00,253.00,0.81
794,9,704.19,162.65,128.75,272.04,0.86
795,9,720.50,184.48,107.97,270.52,0.87
796,9,728.46,219.94,92.02,253.19,0.87
797,9,744.52,254.54,74.95,243.94,0.86
799,9,770.98,319.83,90.13,213.52,0.86
800,9,770.74,351.70,120.00,202.22,0.83
801,9,656.61,383.05,262.61,274.00,0.82
802,9,605.09,402.87,330.99,291.74,0.82
803,9,566.28,407.63,368.38,308.59,0.57
804,9,673.21,402.21,246.31,239.19,0.69
805,9,724.90,396.13,175.44,216.33,0.72
806,9,740.41,396.61,151.94,199.91,0.66
807,9,742.46,400.17,150.82,189.37,0.72
808,9,741.19,404.89,158.22,198.46,0.77
809,9,732.24,420.43,180.90,186.16,0.81
810,9,715.67,449.02,212.65,152.45,0.89
811,9,694.94,492.94,238.27,84.89,0.84
812,9,693.35,520.93,222.76,64.36,0.73
813,9,705.38,500.33,178.26,89.51,0.79
815,9,727.60,499.26,109.43,69.28,0.82
818,9,713.24,452.17,72.25,117.84,0.66
819,9,705.87,449.43,76.14,122.16,0.55
823,9,709.16,500.14,77.69,79.33,0.66
825,9,693.07,526.27,99.76,62.09,0.60
831,9,688.34,554.42,91.92,49.44,0.52
832,9,684.88,555.00,93.90,49.57,0.64
834,9,671.75,551.29,104.82,55.40,0.63
835,9,667.04,547.62,107.32,62.04,0.74
836,9,665.95,545.59,107.60,69.60,0.78
837,9,669.55,543.51,103.75,75.10,0.79
838,9,677.06,544.50,96.89,81.02,0.69
839,9,689.48,546.13,86.14,88.94,0.83
840,9,702.51,542.49,74.51,106.85,0.83
841,9,714.21,538.66,64.78,126.53,0.85
842,9,728.92,532.29,52.96,144.91,0.83
843,9,738.69,529.53,57.95,161.05,0.78
844,9,737.42,518.77,79.80,184.59,0.82
845,9,731.92,506.55,108.79,205.03,0.89
846,9,725.48,501.38,142.01,208.74,0.90
847,9,719.63,514.71,179.77,179.02,0.85
848,9,711.21,511.26,214.92,162.99,0.83
849,9,723.61,534.72,215.94,121.68,0.83
850,9,729.11,541.82,220.06,94.06,0.71
851,9,736.86,537.09,210.99,65.75,0.66
852,9,727.82,511.54,211.31,52.13,0.78
853,9,713.50,465.21,205.57,77.82,0.83
854,9,707.72,429.15,193.32,99.25,0.84
855,9,715.95,393.93,171.06,116.76,0.78
856,9,716.35,358.16,166.29,144.22,0.80
857,9,709.74,324.48,173.99,173.39,0.83
858,9,736.74,290.96,147.35,186.03,0.76
859,9,759.81,256.11,115.67,196.02,0.80
860,9,765.21,215.98,88.28,220.66,0.70
861,9,764.70,166.85,75.08,266.00,0.59
868,9,698.45,71.41,97.31,279.89,0.80
869,9,695.49,78.32,95.59,271.14,0.70
870,9,693.63,80.05,95.11,262.86,0.82
871,9,693.18,85.25,93.51,248.49,0.77
872,9,692.65,66.23,91.48,254.73,0.68
873,9,692.05,57.70,87.98,245.07,0.55
1031,10,200.00,312.00,429.00,156.00,0.74
1032,10,213.60,328.80,413.80,142.40,0.79
1033,10,215.47,328.96,411.62,142.88,0.81
1034,10,215.29,332.16,412.48,141.45,0.77
1035,10,213.68,335.41,413.56,140.24,0.78
1036,10,213.14,336.37,413.19,139.88,0.77
1037,10,212.96,333.75,413.06,141.92,0.76
1038,10,209.44,332.78,416.49,141.97,0.73
1039,10,207.50,336.50,415.67,137.19,0.64
1040,10,172.24,315.09,449.93,158.18,0.53
1041,10,186.23,330.73,432.33,141.77,0.67
1042,10,178.87,333.60,438.29,138.55,0.56
1043,10,156.42,294.66,459.60,181.43,0.66
1044,10,147.47,281.47,469.45,201.96,0.59
1045,10,143.58,275.90,471.78,210.77,0.63
1047,10,220.70,362.69,406.52,159.32,0.85
1048,10,227.39,397.77,402.00,110.91,0.75
1051,10,256.67,415.70,382.16,107.46,0.63
1052,10,260.27,415.03,380.20,113.65,0.74
1053,10,261.45,414.77,382.25,115.78,0.69
1054,10,261.74,414.51,383.72,115.86,0.70
1055,10,261.71,411.62,384.31,121.12,0.75
1056,10,264.88,407.89,379.91,132.81,0.72
1057,10,248.61,400.73,396.29,152.46,0.63
1058,10,260.87,401.58,382.73,147.89,0.69
1059,10,275.66,401.93,370.67,140.99,0.65
1060,10,268.95,401.40,372.95,153.89,0.68
1061,10,270.41,399.95,369.84,162.38,0.72
1062,10,266.19,399.36,372.07,170.72,0.68
1063,10,269.86,399.75,365.66,177.07,0.65
1064,10,263.16,400.54,371.31,179.46,0.62
1065,10,265.28,404.70,371.45,175.11,0.65
1066,10,265.39,408.29,373.53,169.91,0.70
1067,10,264.08,410.97,375.66,166.43,0.79
1068,10,266.19,414.59,371.86,163.03,0.81
1069,10,265.64,417.25,372.42,157.01,0.83
1070,10,264.09,421.54,375.29,145.95,0.75
1071,10,263.49,425.12,377.05,137.65,0.68
1072,10,256.66,435.26,384.97,125.78,0.60
1073,10,226.59,449.30,416.09,110.38,0.69
1074,10,238.28,460.47,404.14,90.77,0.57
1075,10,207.06,470.57,431.94,81.66,0.74
1076,10,191.12,474.78,445.33,69.57,0.58
1077,10,182.43,466.32,451.09,81.08,0.56
1078,10,183.14,447.49,446.00,105.32,0.79
1079,10,199.37,447.42,428.74,118.99,0.73
1080,10,190.62,412.08,422.53,196.24,0.85
1081,10,194.12,385.08,380.41,277.34,0.90
1082,10,208.16,357.86,322.04,336.47,0.94
1083,10,227.86,346.30,247.34,346.77,0.87
1084,10,247.64,356.49,204.94,339.69,0.87
1103,11,288.00,455.00,163.00,250.00,0.72
1104,11,285.60,452.60,164.60,248.40,0.79
1105,11,285.91,451.36,162.60,250.41,0.73
1106,11,286.01,448.63,161.15,249.53,0.54
1109,11,278.58,425.68,149.88,285.79,0.83
1110,11,271.03,412.79,153.89,299.70,0.80
1111,11,268.06,405.53,156.44,305.97,0.75
1112,11,271.16,404.95,156.72,308.06,0.82
1113,11,283.90,408.92,149.42,305.25,0.84
1114,11,294.29,415.98,143.27,297.92,0.81
1115,11,298.70,420.88,140.43,293.51,0.80
1116,11,299.52,420.85,140.17,291.68,0.76
1117,11,303.13,418.94,139.48,291.53,0.70
1125,11,319.75,446.39,154.31,261.50,0.78
1126,11,292.61,425.63,169.83,284.35,0.83
1129,11,353.27,512.69,238.21,183.63,0.59
1131,11,336.11,440.19,285.00,224.61,0.56
1132,11,326.01,419.57,312.63,230.87,0.77
1133,11,328.05,412.81,316.83,231.65,0.84
1134,11,328.65,413.97,318.39,231.57,0.81
1135,11,329.37,417.48,317.61,227.32,0.84
1136,11,331.42,425.87,316.54,220.11,0.77
1137,11,328.18,434.76,317.95,210.47,0.78
1138,11,328.11,442.41,315.81,203.32,0.82
1139,11,329.24,446.74,314.87,198.59,0.84
1140,11,326.93,449.77,316.38,194.14,0.85
1141,11,316.16,452.30,327.34,189.80,0.84
1142,11,313.30,454.63,331.43,186.20,0.78
1143,11,314.74,457.53,330.95,182.90,0.72
1144,11,315.25,459.95,331.29,180.40,0.69
1145,11,315.42,462.18,331.33,176.86,0.72
1147,11,316.52,466.89,329.26,171.80,0.53
1148,11,320.15,469.79,324.88,169.76,0.51
1149,11,326.72,472.14,318.02,168.39,0.64
1150,11,321.73,473.65,320.85,167.91,0.73
1151,11,316.52,474.84,325.24,166.42,0.76
1152,11,315.83,475.92,324.29,163.22,0.77
1153,11,313.54,476.28,324.60,162.06,0.78
1154,11,312.66,476.38,324.74,161.67,0.80
1155,11,310.99,477.05,324.80,161.56,0.80
1156,11,311.67,478.60,324.18,160.90,0.78
1157,11,312.59,480.49,323.29,158.68,0.75
1158,11,311.60,481.82,325.62,156.56,0.71
1159,11,310.57,482.95,327.82,155.14,0.72
1160,11,309.52,482.66,329.31,155.33,0.74
1161,11,307.80,482.51,329.87,154.77,0.75
1162,11,307.16,482.42,330.07,154.60,0.73
1163,11,306.93,482.36,330.14,154.58,0.78
1164,11,307.52,480.32,328.83,155.93,0.79
1165,11,313.04,480.20,321.05,158.44,0.76
1166,11,320.48,472.91,311.43,172.56,0.77
1167,11,343.37,456.80,283.71,210.99,0.71
1168,11,385.77,430.09,226.39,251.67,0.71
1169,11,426.78,397.93,161.52,296.25,0.74
1171,11,464.37,376.53,109.25,332.35,0.68
1172,11,452.64,373.09,158.73,333.27,0.62
1173,11,443.58,373.72,188.18,316.98,0.70
1174,11,425.71,374.04,215.24,301.37,0.69
1175,11,420.37,372.23,222.80,295.52,0.69
1176,11,423.15,367.64,214.59,299.34,0.82
1177,11,425.73,357.46,204.55,307.34,0.80
1178,11,448.43,353.66,170.62,306.48,0.72
1179,11,455.49,340.48,152.75,316.66,0.77
1181,11,468.17,323.87,110.38,325.62,0.80
1182,11,470.45,317.24,84.24,306.17,0.68
1183,11,472.42,312.27,82.14,299.61,0.51
1185,11,475.86,313.08,80.03,285.42,0.53
1186,11,472.34,321.37,74.83,254.37,0.51
1187,11,460.49,325.90,76.37,276.52,0.54
1188,11,444.90,329.93,76.21,292.78,0.59
1189,11,427.06,340.63,83.60,275.09,0.56
1190,11,414.20,351.77,88.85,263.17,0.62
1191,11,405.52,360.56,96.66,249.39,0.75
1192,11,401.05,365.73,105.37,246.56,0.85
1193,11,401.33,370.19,107.55,242.96,0.86
1194,11,399.92,378.47,112.11,237.75,0.87
1195,11,401.44,390.18,116.36,236.00,0.88
1196,11,400.98,401.70,124.29,232.81,0.83
1197,11,405.93,415.86,129.85,230.44,0.84
1198,11,414.41,425.53,125.05,219.61,0.81
1199,11,427.24,434.91,127.40,227.39,0.81
1200,11,437.94,444.74,128.87,223.55,0.76
1201,11,447.34,451.45,126.76,219.54,0.72
1202,11,457.59,461.68,125.15,214.82,0.78
1203,11,464.79,471.87,121.82,209.16,0.83
1204,11,473.44,480.00,114.51,205.88,0.77
1205,11,478.67,486.69,106.92,205.50,0.74
1206,11,482.51,494.89,100.70,202.13,0.76
1207,11,488.57,504.98,96.42,196.97,0.67
1208,11,489.22,512.40,97.71,193.86,0.70
1209,11,494.08,518.15,94.83,190.16,0.73
1210,11,503.22,523.97,85.65,185.57,0.73
1211,11,507.77,529.15,86.58,184.04,0.59
1220,12,281.00,453.00,197.00,208.00,0.77
1221,12,285.80,457.80,195.40,204.00,0.84
1222,12,289.05,457.96,195.09,204.00,0.90
1223,12,291.68,458.01,194.99,205.56,0.91
1224,12,293.16,460.26,197.22,206.05,0.90
1225,12,297.15,463.89,197.23,204.73,0.70
1226,12,299.15,467.93,197.20,202.83,0.83
1227,12,299.05,472.07,197.86,200.77,0.87
1228,12,296.19,475.52,200.82,200.04,0.90
1229,12,292.38,479.39,203.23,199.81,0.88
1230,12,288.91,482.05,202.09,200.43,0.83
1231,12,284.91,484.93,202.28,199.33,0.74
1232,12,280.76,485.89,201.66,196.93,0.72
1233,12,275.90,485.45,201.39,196.73,0.60
1234,12,273.46,483.86,199.28,196.02,0.69
1235,12,272.61,483.18,198.47,195.78,0.68
1239,12,277.60,485.32,195.39,190.57,0.57
1240,12,279.82,487.44,192.95,189.34,0.56
1240,13,474.00,516.00,125.00,147.00,0.74
1241,13,472.40,515.20,129.00,143.80,0.71
1242,12,274.34,488.24,192.87,188.96,0.51
1243,13,474.73,519.54,134.38,125.91,0.58
1244,13,471.43,522.63,141.98,115.08,0.54
1247,13,473.98,534.89,145.94,89.43,0.59
1248,13,477.22,533.62,143.19,91.44,0.70
1249,13,480.33,531.90,142.27,95.38,0.55
1249,12,294.50,476.88,177.85,182.37,0.69
1251,12,305.78,471.05,177.73,181.16,0.66
1252,12,311.22,467.17,178.63,181.03,0.79
1253,12,317.10,464.50,179.61,179.65,0.90
1254,12,323.85,460.25,177.98,178.48,0.83
1255,12,329.63,456.06,177.36,179.38,0.85
1255,13,501.30,508.17,129.79,118.65,0.58
1256,12,333.00,451.26,177.78,181.05,0.90
1257,12,332.81,447.57,180.59,181.02,0.91
1258,12,333.29,445.61,180.98,180.35,0.90
1259,12,334.67,444.98,181.12,180.10,0.90
1260,12,333.77,444.84,181.16,180.01,0.90
1261,12,332.67,444.21,181.82,179.97,0.89
1262,12,330.20,444.06,182.71,179.97,0.88
1263,12,327.23,444.74,183.04,179.96,0.88
1264,12,321.44,444.40,183.15,179.97,0.88
1265,12,319.22,444.33,179.88,179.31,0.91
1266,12,315.05,443.03,175.30,177.74,0.89
1267,12,310.15,440.60,173.58,177.15,0.91
1268,12,305.69,440.40,171.64,175.62,0.90
1269,12,302.08,441.05,168.94,173.73,0.88
1270,12,295.44,444.00,168.64,170.37,0.86
1271,12,289.71,443.81,164.56,168.48,0.92
1272,12,282.97,443.76,161.74,165.81,0.91
1273,12,274.56,441.76,159.41,162.85,0.87
1274,12,266.89,441.70,155.92,159.79,0.91
1274,13,455.70,527.46,157.76,84.41,0.52
1275,12,260.85,443.73,154.70,157.38,0.92
1276,12,256.12,446.51,152.31,157.90,0.93
1276,13,448.93,528.93,139.24,77.79,0.67
1277,12,253.88,448.88,149.48,156.15,0.93
1277,13,445.64,531.18,138.58,77.04,0.71
1278,12,251.90,449.75,147.85,156.23,0.93
1278,13,442.56,532.60,138.36,79.60,0.72
1279,12,251.34,448.73,147.32,154.31,0.93
1279,13,436.83,535.80,142.33,78.49,0.68
1280,12,252.62,449.00,147.20,152.31,0.93
1280,13,431.48,537.65,165.57,80.81,0.66
1281,12,253.89,449.09,146.55,152.29,0.93
1281,13,426.37,539.62,155.99,80.98,0.54
1282,12,254.48,449.78,146.37,151.01,0.93
1282,13,421.12,542.98,154.97,81.04,0.68
1283,12,254.79,450.69,146.36,149.24,0.93
1283,13,417.95,545.52,147.33,80.39,0.81
1284,12,254.99,453.03,146.40,147.97,0.92
1284,13,415.57,547.07,153.10,83.48,0.78
1285,12,255.79,454.54,144.47,146.88,0.89
1285,13,412.80,548.26,169.53,87.24,0.82
1286,12,256.16,456.42,143.79,146.53,0.88
1286,13,410.51,549.96,164.96,89.31,0.80
1287,12,255.68,459.09,142.24,147.11,0.90
1287,13,405.85,549.91,174.71,92.69,0.85
1288,12,256.88,463.37,141.71,146.04,0.89
1288,13,402.24,549.84,178.31,94.60,0.84
1289,12,258.03,466.93,140.89,146.35,0.90
1289,13,397.71,550.41,180.28,94.01,0.86
1290,12,258.49,469.53,140.62,147.83,0.83
1290,13,394.77,551.22,180.96,92.42,0.75
1291,12,260.01,471.77,141.22,153.03,0.74
1292,12,259.93,476.47,142.81,148.46,0.81
1292,13,392.14,552.45,179.97,88.39,0.63
1293,12,261.23,477.54,144.09,152.68,0.62
1293,13,394.13,553.28,180.57,85.91,0.61
1294,12,265.68,479.85,139.97,154.23,0.63
1294,13,394.84,552.87,180.78,83.72,0.52
1295,12,264.71,485.25,254.07,148.91,0.55
1296,12,265.54,487.22,291.51,146.85,0.70
1297,12,267.11,488.53,312.61,150.10,0.72
1298,12,269.61,490.92,323.16,151.31,0.70
1299,12,273.10,492.40,329.57,149.14,0.65
1300,12,287.57,506.81,323.69,129.73,0.54
1301,12,282.03,500.99,337.23,140.43,0.65
1302,12,281.12,499.19,343.56,145.15,0.74
1303,12,285.14,498.39,219.96,154.21,0.68
1304,12,287.56,499.98,161.32,157.01,0.70
1305,12,283.53,502.48,147.39,154.82,0.65
1305,13,423.76,512.24,232.53,123.96,0.78
1306,12,282.45,505.36,143.75,153.91,0.67
1306,13,439.00,501.43,234.76,139.51,0.87
1307,12,280.66,507.04,142.15,152.22,0.76
1307,13,465.52,493.85,236.15,152.16,0.86
1308,12,277.93,506.29,141.91,150.90,0.81
1308,13,498.33,488.93,233.36,165.30,0.89
1309,12,273.52,505.28,142.75,151.71,0.78
1309,13,536.93,491.89,227.59,171.83,0.87
1310,13,579.07,498.85,213.43,176.23,0.81
1311,13,620.85,506.77,198.51,185.39,0.85
1312,13,653.30,521.83,184.82,183.29,0.75
1313,12,263.84,507.41,146.28,152.89,0.77
1314,12,262.30,508.84,147.72,154.36,0.61
1314,13,693.56,548.70,146.80,165.97,0.73
1315,12,260.47,511.30,148.21,153.54,0.81
1316,12,259.22,512.19,149.02,153.22,0.54
1317,12,258.85,513.13,149.30,152.44,0.76
1317,13,714.31,569.02,108.24,147.85,0.80
1318,12,258.81,514.11,149.37,152.14,0.77
1318,13,714.21,572.93,101.58,143.24,0.75
1319,12,258.89,515.75,148.71,152.03,0.81
1319,13,718.09,575.54,92.53,138.39,0.81
1320,12,258.34,516.33,147.77,151.99,0.71
1320,13,721.71,582.46,85.47,133.31,0.81
1321,13,726.09,589.59,79.85,121.99,0.78
1322,13,730.77,596.83,86.42,117.35,0.85
1322,12,255.81,515.79,147.25,154.32,0.64
1323,13,734.32,599.82,89.13,114.52,0.86
1323,12,254.12,515.53,146.37,154.19,0.80
1324,13,736.01,600.68,93.00,113.69,0.83
1324,12,252.22,514.09,145.40,154.14,0.86
1325,13,733.78,598.75,93.17,112.85,0.77
1325,12,250.24,512.87,144.38,156.75,0.84
1326,13,729.33,591.77,91.96,112.68,0.83
1326,12,248.89,512.40,144.67,156.41,0.73
1327,13,723.46,584.39,95.60,118.15,0.74
1328,13,716.66,575.10,100.89,134.03,0.75
1329,13,706.26,564.70,104.85,148.13,0.78
1330,13,694.42,553.01,114.80,161.31,0.85
1331,13,681.06,540.21,122.37,174.08,0.86
1332,13,668.16,526.99,136.74,188.52,0.85
1333,13,652.61,514.30,155.97,201.07,0.89
1334,13,630.52,501.78,192.95,214.76,0.89
1335,13,613.29,499.96,223.28,211.45,0.90
1336,13,605.94,495.65,234.54,210.42,0.89
1337,13,607.92,490.91,230.50,215.65,0.89
1338,13,614.10,491.12,220.23,216.91,0.87
1339,13,622.59,501.05,209.40,206.93,0.87
1341,13,638.55,523.19,187.95,186.74,0.57
1342,13,648.82,529.67,176.76,179.93,0.69
1343,13,655.55,531.75,170.44,177.07,0.78
1344,13,663.32,531.08,163.55,176.14,0.70
1345,13,670.14,531.46,159.18,175.22,0.75
1346,13,675.19,533.56,155.73,173.65,0.78
1347,13,677.55,535.63,153.30,173.16,0.81
1348,13,676.89,537.01,153.26,169.04,0.81
1349,13,671.81,536.11,156.76,165.58,0.87
1350,13,660.55,535.05,166.12,161.71,0.77
1351,13,649.17,533.94,174.85,154.31,0.72
1352,13,640.91,531.44,184.06,150.35,0.89
1353,13,637.74,529.16,187.62,148.39,0.89
1354,13,636.57,525.62,188.98,147.80,0.88
1355,13,636.19,523.00,189.46,146.35,0.88
1356,13,634.16,520.71,192.20,145.26,0.87
1357,13,627.58,520.57,199.06,142.28,0.87
1358,13,618.02,521.25,204.87,135.88,0.86
1359,13,608.58,524.96,208.99,127.50,0.86
1360,13,594.03,530.48,215.69,118.41,0.84
1361,13,578.86,535.23,221.41,111.90,0.85
1362,13,562.17,541.74,231.92,105.66,0.83
1363,13,544.36,549.55,239.09,100.22,0.78
1364,13,526.67,553.54,244.99,101.40,0.81
1365,13,511.01,560.99,247.17,97.80,0.83
1366,13,496.79,576.69,247.86,75.92,0.74
1367,13,487.07,583.55,244.74,64.52,0.72
1369,13,484.55,555.85,214.75,98.21,0.56
1370,13,473.00,545.99,212.60,106.54,0.71
1371,13,472.72,539.08,207.83,101.41,0.64
1372,13,467.48,535.81,213.66,97.79,0.70
1373,13,468.40,530.86,213.18,100.61,0.72
1374,13,468.37,522.07,208.43,114.93,0.76
1375,13,469.94,513.77,200.68,127.82,0.60
1376,13,470.75,505.56,195.22,136.72,0.70
1377,13,471.20,499.85,189.97,140.84,0.76
1378,13,468.10,494.59,190.24,144.76,0.85
1379,13,465.07,487.64,191.11,148.01,0.79
1380,13,462.72,482.51,191.55,149.73,0.81
1381,13,460.62,478.76,191.13,150.83,0.70
1382,13,459.96,477.48,191.07,150.41,0.72
1383,13,453.82,477.84,196.44,148.75,0.81
1384,13,445.70,482.73,203.73,138.82,0.76
1385,13,440.76,488.27,207.82,125.31,0.72
1386,13,439.65,492.65,207.44,111.82,0.71
1387,13,430.83,492.29,214.50,110.40,0.71
1388,13,426.30,491.53,219.74,111.29,0.79
1389,13,424.70,495.35,224.32,103.56,0.75
1390,13,424.21,503.15,230.57,87.50,0.69
1391,13,418.98,513.35,242.62,71.61,0.72
1392,13,413.21,515.83,254.87,72.09,0.70
1393,13,408.50,506.60,264.68,91.38,0.58
1394,13,402.30,493.00,270.98,113.79,0.78
1395,13,397.43,467.47,262.42,154.43,0.81
1396,13,402.92,443.04,227.99,193.20,0.74
1397,13,404.03,400.90,182.48,249.28,0.87
1397,14,229.00,472.00,153.00,157.00,0.79
1398,13,402.53,364.25,140.56,287.99,0.83
1398,14,225.00,466.40,151.40,158.60,0.76
1399,13,404.61,356.65,112.30,284.07,0.80
1400,13,392.68,326.57,102.85,298.83,0.81
1400,14,210.57,456.15,158.26,169.75,0.80
1401,13,381.99,297.54,88.48,303.32,0.78
1401,14,204.40,451.43,160.91,173.16,0.61
1402,13,368.97,284.69,71.13,275.48,0.78
1402,14,201.15,449.99,164.53,175.55,0.60
1403,13,361.89,280.70,47.98,228.56,0.58
1407,14,212.92,454.98,150.16,169.64,0.66
1408,14,216.65,456.45,148.05,167.45,0.82
1409,14,219.81,456.91,145.33,164.04,0.84
1410,14,221.59,457.06,144.43,162.17,0.85
1411,14,222.20,457.78,142.16,159.53,0.80
1412,14,221.70,456.01,141.41,159.30,0.84
1413,14,219.46,453.34,141.89,159.27,0.85
1414,14,217.27,451.68,141.46,159.99,0.83
1415,14,215.77,449.74,141.36,159.64,0.84
1416,14,214.55,448.37,140.71,160.22,0.85
1417,14,208.76,447.22,144.52,161.80,0.86
1418,14,205.31,446.81,145.30,162.41,0.86
1419,14,201.40,446.69,145.62,162.01,0.88
1420,14,200.63,446.67,143.11,162.53,0.90
1421,14,199.73,446.69,142.18,162.74,0.89
1422,14,198.13,446.72,142.52,162.83,0.88
1423,14,196.91,446.09,143.99,163.54,0.86
1424,14,195.84,445.87,145.88,163.81,0.79
1425,14,195.49,445.80,146.60,164.57,0.79
1426,14,195.41,445.79,146.88,164.86,0.80
1427,14,195.42,445.81,146.98,165.63,0.82
1428,14,194.81,446.48,148.34,166.58,0.86
1429,14,194.61,447.41,148.84,166.27,0.87
1430,14,195.23,447.11,149.69,166.81,0.86
1431,14,194.84,447.00,150.65,167.66,0.79
1432,14,194.71,446.96,152.98,168.64,0.76
1433,14,195.34,446.95,152.54,169.00,0.80
1434,14,196.27,446.95,153.01,169.12,0.70
1436,14,195.96,448.54,167.87,169.88,0.61
1438,14,197.66,449.80,172.16,169.98,0.68
1439,14,198.14,449.37,159.48,170.00,0.79
1440,14,199.63,449.21,152.76,170.00,0.86
1441,14,199.47,449.81,149.72,170.00,0.86
1442,14,197.36,450.02,148.67,169.34,0.86
1443,14,195.90,450.75,148.35,169.09,0.76
1444,14,194.01,452.34,147.62,169.00,0.82
1445,14,191.97,452.93,148.08,169.63,0.78
1446,14,190.55,453.13,148.30,169.21,0.70
1447,14,190.03,453.19,148.43,169.72,0.54
1448,14,188.53,453.86,144.53,169.25,0.78
1449,14,185.97,454.10,145.11,169.07,0.82
1450,14,183.72,454.83,143.37,169.00,0.81
1451,14,181.58,455.09,143.42,168.98,0.80
1452,14,182.15,454.51,142.82,168.97,0.68
1453,14,181.08,454.94,143.96,168.97,0.63
1454,14,178.72,455.75,146.40,169.64,0.53
1465,14,178.62,457.08,146.00,169.02,0.51
1466,14,179.48,456.39,144.61,168.99,0.67
1467,14,180.42,456.17,144.16,168.98,0.69
1468,14,180.77,456.08,144.00,169.64,0.78
1469,14,182.24,456.04,143.28,169.23,0.78
1470,14,182.12,456.03,144.34,169.07,0.74
1471,14,181.42,456.02,146.07,169.02,0.76
1472,14,180.49,455.36,148.04,168.99,0.80
1473,14,182.76,455.10,146.81,168.99,0.77
1474,14,184.30,455.01,145.67,168.99,0.78
1475,14,185.53,455.64,144.57,168.99,0.74
1476,14,187.97,454.56,144.16,168.99,0.69
1477,14,188.87,454.81,144.00,168.99,0.74
1478,14,189.18,454.91,143.29,168.99,0.81
1479,14,189.94,454.95,143.69,168.99,0.79
1480,14,190.20,455.63,145.17,168.99,0.73
1481,14,190.93,455.23,146.39,168.99,0.78
1482,14,192.50,455.73,146.19,168.99,0.83
1483,14,192.42,455.92,146.77,169.00,0.82
1484,14,193.68,455.33,146.32,170.32,0.81
1485,14,194.13,455.11,146.15,170.81,0.80
1486,14,194.27,455.68,146.08,170.34,0.84
1487,14,194.96,455.90,146.05,170.81,0.86
1488,14,195.20,455.99,146.03,170.99,0.82
1489,14,195.26,455.35,146.03,171.71,0.82
1490,14,194.61,455.11,147.34,171.97,0.81
1491,14,194.34,455.02,147.84,172.06,0.84
1492,14,194.23,454.99,148.68,172.09,0.82
1493,14,192.20,454.32,150.96,173.41,0.68
1497,15,308.00,276.00,119.00,140.00,0.79
1498,15,302.40,276.80,137.40,153.60,0.80
1499,15,305.78,275.45,146.66,158.38,0.73
1500,15,282.82,274.97,183.93,168.42,0.70
1501,15,277.26,276.26,195.21,175.26,0.81
1502,15,276.79,276.07,198.71,182.31,0.81
1503,15,275.69,278.02,202.53,185.34,0.79
1504,15,272.89,277.43,206.09,187.54,0.77
1505,15,271.34,275.86,207.66,189.47,0.83
1506,15,272.24,275.92,205.88,190.67,0.84
1507,15,274.10,275.29,204.76,192.26,0.84
1508,15,265.14,274.39,213.83,194.02,0.83
1509,15,249.58,274.71,229.34,193.90,0.86
1510,15,242.95,274.19,238.40,195.02,0.86
1511,15,236.66,273.99,246.83,195.33,0.85
1512,15,233.69,273.27,251.81,198.63,0.84
1513,15,230.15,273.66,257.97,199.79,0.87
1514,15,229.56,273.16,262.05,202.75,0.87
1515,15,225.66,272.32,267.87,204.45,0.84
1516,15,222.35,273.32,273.75,205.66,0.84
1517,15,219.92,275.67,277.74,203.42,0.82
1518,15,215.27,281.19,283.56,197.18,0.79
1519,15,205.87,282.63,295.24,194.73,0.77
1520,15,206.17,279.81,300.88,202.42,0.79
1521,15,227.64,287.23,282.94,200.68,0.82
1522,15,249.79,296.04,265.35,196.63,0.78
1523,15,254.81,308.64,265.94,188.40,0.81
1524,15,261.24,329.44,264.11,171.15,0.83
1525,15,265.61,340.44,262.00,166.14,0.83
1526,15,269.85,341.35,258.48,169.95,0.86
1527,15,271.36,344.21,257.76,170.03,0.85
1528,15,280.47,349.73,246.84,165.45,0.88
1529,15,281.12,350.87,245.36,165.85,0.84
1530,15,285.94,350.46,238.16,166.06,0.85
1531,15,283.57,344.12,236.18,169.54,0.86
1532,15,289.97,329.77,224.79,182.10,0.84
1533,15,301.79,313.43,208.35,197.09,0.90
1534,15,308.69,296.26,196.99,211.17,0.88
1535,15,315.79,284.40,186.98,219.23,0.89
1536,15,325.04,277.82,176.77,221.71,0.90
1537,15,337.13,277.27,165.11,219.33,0.90
1538,15,350.23,277.21,150.82,216.95,0.91
1539,15,361.49,277.31,138.49,212.66,0.87
1540,15,371.32,278.79,126.21,207.63,0.90
1541,15,381.37,278.80,111.77,202.99,0.87
1542,15,387.04,279.56,101.80,196.55,0.89
1543,15,390.58,279.94,91.10,188.75,0.87
1544,15,393.44,278.81,80.15,193.98,0.80
1545,15,393.85,279.09,73.71,189.27,0.76
1546,15,393.71,279.28,69.28,179.44,0.70
1547,15,392.72,280.10,62.40,171.05,0.51
1549,15,384.71,279.40,57.43,156.90,0.64
1550,15,387.46,279.96,49.00,154.44,0.58
1552,15,382.17,280.78,45.49,148.19,0.58
1557,15,370.83,278.38,43.13,147.05,0.60
1559,15,365.94,278.34,46.23,168.54,0.52
1560,15,365.10,279.68,50.20,175.44,0.63
1561,15,366.09,278.95,49.72,185.12,0.54
1562,15,365.98,279.32,50.14,192.00,0.66
1563,15,366.65,278.86,46.36,196.53,0.66
1564,15,369.75,279.98,42.13,199.47,0.66
1565,15,377.87,279.80,36.43,203.70,0.67
1566,15,378.70,280.39,38.70,208.44,0.70
1567,15,375.63,280.64,46.76,212.74,0.75
1568,15,374.52,283.96,58.99,218.79,0.77
1569,15,375.26,285.91,73.48,228.73,0.79
1570,15,379.10,288.58,84.97,240.13,0.81
1571,15,382.00,291.53,96.48,237.51,0.84
1572,15,381.45,292.70,113.26,248.49,0.85
1573,15,380.04,295.68,127.93,263.42,0.82
1574,15,377.64,301.89,144.86,267.25,0.85
1575,15,376.63,317.81,160.87,249.97,0.89
1576,15,373.20,337.37,188.53,228.74,0.88
1577,15,353.43,369.66,236.61,209.03,0.87
1578,15,336.51,412.80,273.48,168.09,0.85
1579,15,327.84,468.36,277.78,98.70,0.82
1580,15,326.57,475.83,269.89,93.28,0.85
1581,15,326.76,473.30,266.24,101.75,0.81
1582,15,326.25,467.69,268.40,121.84,0.82
1583,15,326.09,457.96,265.23,149.61,0.77
1584,15,328.67,442.94,259.19,185.87,0.84
1585,15,336.24,430.06,240.95,215.27,0.70
1590,15,380.22,464.47,169.29,163.88,0.51
1591,15,384.21,470.93,157.37,173.74,0.72
1592,15,390.42,475.72,148.56,149.69,0.60
1593,15,395.83,476.23,130.93,163.42,0.69
1594,15,401.71,476.53,115.92,172.91,0.66
1595,15,409.98,478.41,96.08,156.32,0.64
1596,15,412.84,477.36,104.21,180.87,0.73
1597,15,413.09,474.62,103.83,185.69,0.68
1598,15,415.68,474.58,87.99,149.38,0.70
1599,15,422.90,470.61,87.48,196.98,0.73
1600,15,428.55,467.89,83.80,217.84,0.79
1601,15,435.93,465.98,72.20,228.63,0.74
1602,15,441.77,465.75,64.29,233.52,0.75
1603,15,442.52,465.62,61.52,235.27,0.76
1604,15,442.60,466.17,60.16,235.75,0.76
1605,15,438.87,465.71,64.26,235.75,0.75
1606,15,436.28,465.51,67.68,236.87,0.74
1607,15,433.92,467.35,68.37,233.90,0.82
1608,15,430.94,470.65,66.74,230.62,0.84
1609,15,428.43,473.20,67.60,227.25,0.84
1610,15,424.85,474.78,69.97,224.54,0.81
1611,15,420.89,476.66,70.22,221.45,0.82
1612,15,415.42,475.99,72.36,222.21,0.83
1613,15,413.41,475.70,72.53,223.11,0.81
1614,15,411.38,476.87,71.96,220.11,0.77
1615,15,408.01,473.95,74.42,220.25,0.82
1616,15,405.49,472.83,74.69,220.28,0.85
1617,15,404.59,474.37,74.15,217.63,0.83
1618,15,406.96,480.26,71.98,211.95,0.82
1619,15,406.59,479.77,76.51,213.16,0.84
1620,15,402.59,478.90,83.33,214.94,0.86
1621,15,397.89,479.20,92.29,216.28,0.87
1622,15,391.07,476.65,102.68,220.09,0.90
1623,15,387.74,475.01,108.08,222.83,0.90
1624,15,386.44,474.37,110.22,223.86,0.90
1625,15,386.64,474.13,109.72,224.22,0.90
1626,15,386.80,474.03,106.86,223.67,0.90
1627,15,396.72,477.96,91.97,217.50,0.85
1628,15,400.11,480.12,83.84,213.13,0.86
1629,15,400.62,481.57,79.64,210.17,0.85
1630,15,399.44,480.75,80.26,209.10,0.86
1631,15,399.70,480.42,79.16,208.74,0.86
1632,15,400.49,479.61,76.75,208.63,0.84
1633,15,400.80,479.30,75.91,207.96,0.84
1634,15,399.56,476.51,74.97,210.40,0.87
1635,15,399.78,475.47,74.66,210.67,0.83
1636,15,401.89,474.41,73.25,211.45,0.84
1637,15,402.00,474.03,74.11,211.09,0.84
1638,15,400.71,473.90,76.46,210.96,0.85
1639,15,400.22,473.86,78.01,210.92,0.85
1640,15,399.38,474.52,77.29,210.25,0.86
1641,15,399.07,474.78,76.37,210.01,0.86
1642,15,398.96,474.88,76.03,209.26,0.86
1643,15,398.92,475.59,76.57,207.67,0.86
1644,15,399.58,475.86,78.11,207.08,0.85
1645,15,399.83,475.96,78.69,206.87,0.86
1646,15,399.27,475.33,80.23,207.48,0.86
1647,15,399.06,475.76,80.15,206.40,0.85
1648,15,398.98,475.26,80.12,206.00,0.86
1649,15,398.96,475.07,80.09,205.87,0.87
1650,15,399.61,475.00,79.42,205.83,0.88
1651,15,399.20,474.98,77.84,207.82,0.88
1652,15,400.38,472.99,76.57,210.55,0.88
1653,15,401.49,472.25,75.44,212.90,0.86
1654,15,401.89,472.63,78.37,213.13,0.86
1655,15,403.35,474.10,80.10,215.83,0.86
1656,15,391.47,471.39,106.27,223.39,0.89
1657,15,383.11,467.12,125.68,231.42,0.89
1658,15,374.68,458.38,144.28,236.41,0.86
1659,15,367.51,450.47,165.33,236.33,0.88
1660,15,357.94,453.98,211.17,199.01,0.88
1661,15,344.75,489.95,251.99,99.69,0.73
1662,15,341.89,452.90,248.27,137.45,0.88
1663,15,340.81,435.62,239.68,150.98,0.87
1664,15,337.96,435.92,241.56,141.85,0.88
1665,15,337.54,437.50,244.04,136.71,0.89
1666,15,336.82,440.41,245.44,135.64,0.90
1667,15,335.35,440.94,248.94,137.36,0.90
1668,15,335.50,441.93,249.46,139.39,0.90
1669,15,334.36,441.08,248.77,144.19,0.90
1670,15,333.35,438.22,248.92,149.95,0.90
1671,15,335.64,433.30,242.95,158.01,0.85
1672,15,335.97,423.75,242.37,171.39,0.88
1673,15,335.49,418.21,242.67,177.17,0.88
1674,15,333.39,416.76,243.32,181.31,0.89
1675,15,331.33,413.75,243.45,188.61,0.90
1676,15,332.57,410.12,240.11,187.54,0.87
1677,15,337.73,402.36,232.11,195.37,0.87
1678,15,336.41,387.96,222.30,216.84,0.88
1679,15,331.22,376.85,218.61,226.95,0.87
1680,15,325.32,370.57,218.62,224.60,0.90
1681,15,315.19,368.29,230.66,211.78,0.88
1682,15,314.76,372.97,231.84,178.07,0.85
1683,15,336.42,382.22,198.72,143.01,0.80
1684,15,343.19,371.08,179.12,145.56,0.82
1685,15,363.83,362.92,142.98,124.25,0.79
1686,15,377.71,358.09,105.25,112.19,0.82
1687,15,375.78,369.25,86.93,88.89,0.55
1688,15,376.70,377.30,46.89,62.51,0.52
1731,16,452.00,470.00,60.00,70.00,0.77
1732,16,458.40,474.80,60.00,72.40,0.78
1733,16,462.72,479.53,60.77,69.81,0.80
1734,16,470.35,485.88,59.48,74.44,0.81
1734,17,242.00,464.00,175.00,180.00,0.84
1735,16,477.92,491.37,56.78,73.69,0.76
1735,17,255.60,468.80,175.80,180.80,0.82
1736,16,483.78,498.07,59.65,71.19,0.83
1736,17,269.76,477.42,172.88,179.41,0.84
1737,16,490.45,501.55,61.28,72.43,0.78
1737,17,284.70,486.56,170.33,177.39,0.87
1738,16,496.04,503.28,61.19,72.86,0.73
1738,17,297.93,496.67,170.40,177.56,0.75
1739,16,495.77,499.62,62.50,71.65,0.62
1739,17,308.96,505.44,174.14,177.67,0.83
1740,16,484.77,493.28,71.00,75.96,0.59
1740,17,317.87,510.91,178.95,178.45,0.79
1741,17,323.34,500.71,198.44,196.76,0.75
1742,17,328.45,490.51,208.73,214.36,0.70
1743,17,331.33,516.57,193.84,192.88,0.69
1744,17,331.07,532.10,188.04,180.58,0.73
1745,17,327.32,523.01,190.56,191.90,0.70
1746,17,321.79,516.59,192.76,198.43,0.80
1747,17,314.20,526.34,194.19,188.49,0.74
1749,17,289.82,535.59,196.76,180.40,0.59
1752,18,390.00,488.00,50.00,98.00,0.72
1753,18,374.80,487.20,52.40,99.60,0.59
1754,18,362.05,488.58,49.82,97.61,0.56
1755,18,345.75,494.54,48.14,91.44,0.68
1756,18,319.09,496.28,53.08,91.21,0.53
1757,18,298.40,499.66,56.00,88.29,0.69
1758,18,277.22,504.99,62.48,85.27,0.63
1759,18,263.18,515.95,68.11,77.93,0.66
1760,18,255.02,522.39,66.46,74.13,0.62
1761,18,247.60,516.38,66.24,80.22,0.69
1762,18,240.77,508.37,65.42,90.28,0.72
1763,18,231.54,495.05,69.63,102.40,0.71
1764,18,221.24,486.02,73.74,110.93,0.77
1765,18,213.77,480.45,75.31,113.11,0.71
1766,18,206.21,475.68,76.49,119.64,0.66
1768,18,151.60,479.79,144.76,206.88,0.56
1769,18,128.57,517.21,167.82,188.24,0.57
1770,18,115.26,536.68,178.91,177.49,0.61
1771,18,109.43,502.26,182.92,215.05,0.59
1772,18,103.19,508.12,187.43,211.25,0.57
1773,18,96.06,517.67,192.81,202.06,0.55
1774,18,78.56,557.05,210.40,162.52,0.54
1775,18,74.23,572.19,214.20,146.64,0.56
1776,18,69.26,572.93,216.72,145.52,0.59
1777,18,78.46,574.45,203.57,142.44,0.64
1778,18,75.06,521.26,203.74,196.88,0.60
1779,18,68.19,504.22,207.58,214.00,0.51
1788,18,118.75,481.49,189.98,235.33,0.54
1789,18,215.17,519.03,113.81,168.02,0.66
1790,18,249.82,539.65,90.14,135.32,0.64
1791,18,257.74,547.73,89.34,130.73,0.64
1792,18,263.49,542.78,85.36,135.25,0.57
1793,18,263.01,536.89,87.62,140.37,0.55
1794,18,170.98,500.03,167.34,202.86,0.65
1795,18,144.08,530.18,203.68,181.86,0.56
1797,18,130.68,497.31,196.33,216.28,0.55
1799,18,132.83,544.03,210.57,169.79,0.52
1800,18,129.08,500.77,214.46,215.17,0.59
1801,18,127.78,488.50,214.62,226.67,0.60
1802,18,127.46,482.73,208.16,231.50,0.57
1803,18,126.25,480.54,202.98,233.34,0.53
1804,18,121.99,481.09,206.31,232.03,0.59
1805,18,117.25,487.28,204.26,224.91,0.50
1806,18,114.95,483.84,201.49,228.69,0.59
1807,18,114.26,483.26,198.45,229.40,0.54
1809,18,113.15,483.16,196.42,230.18,0.58
1810,18,114.03,486.14,198.12,228.69,0.64
1813,18,114.39,544.04,199.72,152.08,0.64
1814,18,110.10,509.10,207.45,199.26,0.55
1815,18,107.98,535.95,206.84,173.37,0.50
1816,18,105.28,499.77,207.21,209.31,0.58
1817,18,103.02,492.74,209.30,220.03,0.65
1818,18,104.86,528.38,205.48,180.19,0.70
1819,18,105.01,546.07,196.68,160.65,0.76
1820,18,104.48,551.16,191.32,153.55,0.73
1821,18,103.68,552.76,190.73,150.59,0.76
1822,18,103.43,553.19,192.56,150.39,0.77
1823,18,103.39,549.14,201.22,153.87,0.72
1824,18,104.70,552.29,185.56,153.89,0.68
1825,18,103.27,509.07,186.78,199.66,0.72
1826,18,104.12,531.63,202.55,179.79,0.50
1827,18,107.01,497.39,219.90,217.25,0.68
1828,18,109.43,491.08,222.21,223.47,0.54
1829,18,114.95,484.86,215.24,229.60,0.66
1830,18,113.17,481.90,212.38,232.50,0.72
1831,18,111.82,480.26,210.59,235.37,0.79
1832,18,111.31,479.78,210.53,236.32,0.80
1833,18,114.41,480.39,207.18,235.22,0.73
1834,18,115.58,480.14,207.20,235.26,0.72
1835,18,106.75,479.52,217.77,235.13,0.72
1836,18,109.30,479.41,214.56,236.24,0.78
1837,18,112.31,479.47,212.55,236.55,0.77
1838,18,112.80,479.60,213.08,236.54,0.71
1839,18,118.25,534.78,206.00,180.74,0.51
1840,18,110.29,541.07,213.30,174.14,0.56
1841,18,121.78,558.28,200.25,157.53,0.71
1842,18,122.26,565.53,198.46,149.77,0.74
1843,18,123.07,568.41,194.49,146.72,0.67
1844,18,101.86,568.45,217.22,146.61,0.62
1845,18,94.31,567.57,224.03,148.15,0.60
1846,18,91.34,564.37,225.42,150.91,0.64
1847,18,106.56,563.06,210.88,152.05,0.61
1848,18,109.32,559.78,208.42,155.93,0.61
1849,18,126.29,557.18,190.89,157.44,0.61
1850,18,131.41,554.80,186.95,160.05,0.66
1851,18,136.54,551.90,181.56,161.73,0.75
1852,18,124.73,548.14,195.32,166.35,0.76
1853,18,115.98,547.37,204.75,165.49,0.84
1854,18,102.18,545.09,220.76,167.79,0.83
1855,18,94.97,543.59,230.72,169.31,0.86
1856,18,94.10,543.03,233.96,169.88,0.87
1857,18,91.27,543.50,240.27,169.43,0.87
1858,18,90.25,544.35,242.62,169.24,0.87
1859,18,90.59,544.69,242.11,170.48,0.86
1860,18,92.76,543.51,241.78,170.94,0.85
1861,18,94.31,541.75,241.55,173.07,0.86
1862,18,94.31,539.79,243.98,175.83,0.87
1863,18,95.01,537.10,246.78,177.52,0.88
1864,18,99.23,535.43,246.47,178.79,0.82
1865,18,131.03,535.49,218.73,178.59,0.83
1866,18,146.37,535.54,205.54,178.47,0.85
1867,18,151.60,534.94,200.99,179.06,0.84
1868,18,151.26,534.07,203.55,180.57,0.82
1869,18,137.61,533.12,221.29,182.43,0.80
1870,18,152.64,532.78,207.09,183.11,0.85
1871,18,159.30,530.05,201.26,184.65,0.82
1872,18,163.62,527.73,197.17,187.83,0.87
1873,18,168.43,526.23,191.03,188.35,0.91
1874,18,170.71,525.04,188.85,185.22,0.91
1875,18,173.42,525.96,187.48,182.66,0.90
1876,18,175.62,527.01,186.40,181.00,0.90
1877,18,177.64,528.10,186.77,179.71,0.88
1878,18,180.26,530.52,186.31,175.90,0.89
1879,18,183.12,532.79,186.88,171.80,0.91
1880,18,184.06,535.65,187.15,168.96,0.90
1881,18,188.29,540.72,184.65,163.92,0.90
1882,18,191.09,543.93,182.43,160.08,0.87
1883,18,194.68,547.09,180.99,160.10,0.82
1884,18,203.91,553.56,175.17,152.12,0.71
1885,18,210.59,556.58,174.42,143.77,0.83
1886,18,220.92,564.45,171.53,145.69,0.71
1887,18,238.69,573.87,162.47,132.30,0.78
1888,18,249.13,579.31,164.68,128.12,0.78
1889,18,270.73,587.94,158.82,121.98,0.71
1890,18,286.61,596.37,162.17,117.92,0.59
1891,18,303.40,604.65,166.09,111.13,0.69
1892,18,319.25,611.50,167.61,104.76,0.80
1893,18,342.02,624.14,157.00,90.82,0.79
1894,18,360.94,634.67,148.89,81.23,0.67
