105,1,613.00,1.00,274.00,217.00,0.78
106,1,617.00,0.20,280.40,221.00,0.78
107,1,621.59,0.81,290.04,224.06,0.81
108,1,628.50,0.25,314.67,232.81,0.85
109,1,628.56,0.79,362.51,243.60,0.84
110,1,619.95,0.97,434.24,258.32,0.85
111,1,613.38,1.04,503.88,245.24,0.85
112,1,629.41,0.36,540.41,263.68,0.91
113,1,679.62,0.12,499.46,302.93,0.88
114,1,753.50,1.28,412.60,379.20,0.85
115,1,852.53,3.53,275.94,431.22,0.73
117,1,682.21,85.64,412.73,343.91,0.77
119,1,617.66,276.57,454.57,208.43,0.82
138,2,522.00,378.00,485.00,268.00,0.73
139,2,494.00,282.00,485.00,320.80,0.94
140,2,463.17,173.11,487.31,363.78,0.92
141,2,437.32,70.93,483.43,395.25,0.92
142,2,417.37,3.83,480.63,399.94,0.91
143,2,406.05,-16.86,417.96,358.99,0.88
144,2,405.59,-19.36,367.05,314.52,0.78
145,2,385.23,-15.51,388.42,291.52,0.88
146,2,379.17,-13.08,394.37,282.10,0.80
147,2,373.59,-11.60,395.84,280.65,0.74
148,2,372.19,-9.30,392.03,274.86,0.77
149,2,370.86,-8.01,384.88,273.10,0.74
150,2,371.53,-6.80,393.54,272.72,0.74
151,2,373.34,-5.06,401.52,303.37,0.72
152,2,375.62,-5.08,404.67,300.68,0.82
153,2,374.75,-3.03,387.41,331.37,0.75
154,2,374.72,-3.52,374.22,343.87,0.88
155,2,374.23,-3.35,418.45,348.75,0.72
156,2,374.01,-2.32,440.85,349.20,0.72
157,2,375.37,-2.30,427.27,350.50,0.79
158,2,375.46,-2.08,405.77,350.86,0.86
159,2,374.97,-1.14,402.27,351.51,0.80
160,2,377.53,0.05,360.43,320.88,0.61
161,2,375.22,0.83,347.26,305.93,0.73
162,2,373.79,1.24,362.11,302.65,0.72
163,2,373.98,0.82,362.74,301.54,0.77
164,2,374.14,1.44,346.48,304.55,0.76
165,2,374.29,3.08,347.32,325.01,0.76
166,2,375.05,2.43,355.79,335.17,0.81
167,2,374.04,1.60,384.84,340.40,0.83
168,2,374.33,1.99,380.85,342.34,0.88
169,2,374.49,2.20,393.66,342.99,0.73
171,2,373.24,2.56,420.57,340.43,0.60
183,2,627.80,41.07,249.50,657.51,0.59
184,2,639.07,36.56,239.74,679.20,0.57
188,3,374.00,2.00,431.00,342.00,0.76
189,3,373.20,2.00,429.40,342.00,0.65
190,3,598.38,1.23,212.24,247.97,0.80
191,3,593.66,18.88,214.49,281.87,0.84
192,3,555.78,94.37,235.72,273.11,0.91
194,3,469.87,208.84,229.96,269.23,0.83
198,4,422.00,25.00,401.00,446.00,0.70
199,4,417.20,25.00,389.00,451.60,0.69
200,4,434.95,15.79,350.86,464.96,0.55
201,4,421.67,12.66,346.95,467.97,0.57
202,4,434.85,5.99,331.12,471.50,0.67
203,4,420.83,2.53,340.59,470.27,0.66
204,4,417.09,2.96,353.81,462.59,0.72
205,4,395.86,4.04,388.28,454.83,0.78
206,4,385.60,1.82,422.44,453.38,0.66
207,4,403.67,15.44,417.56,439.27,0.64
208,4,408.13,27.44,428.19,424.51,0.67
209,4,413.15,49.62,431.99,401.47,0.75
210,4,416.49,60.32,429.89,391.31,0.74
211,4,417.18,61.83,433.38,390.77,0.78
212,4,416.82,59.46,430.57,392.20,0.73
213,4,415.39,55.71,425.29,397.02,0.70
214,4,418.18,54.20,415.82,399.65,0.75
215,4,417.27,50.18,412.73,404.13,0.73
216,4,423.58,47.28,401.55,409.23,0.82
217,4,422.64,36.88,383.86,421.79,0.80
218,4,418.21,19.22,368.46,444.21,0.75
219,4,413.87,9.29,355.46,461.11,0.84
220,4,404.82,3.55,331.15,475.35,0.61
221,4,405.73,2.71,297.59,480.12,0.69
222,4,403.34,-0.09,294.71,479.19,0.58
223,4,417.78,138.57,267.72,340.97,0.51
224,4,433.12,193.25,245.85,289.97,0.77
225,4,395.85,56.87,287.99,419.22,0.63
227,4,492.01,108.61,255.05,324.28,0.87
228,4,530.32,95.16,251.87,284.47,0.72
229,4,582.74,75.39,220.19,239.27,0.77
230,4,437.81,22.40,380.74,309.44,0.61
231,4,399.71,5.51,424.28,327.17,0.51
231,5,626.00,3.00,198.00,196.00,0.72
232,4,521.52,-2.04,301.13,225.72,0.67
233,4,418.58,-2.57,406.31,310.20,0.63
235,4,385.01,-3.14,439.09,320.62,0.53
236,4,378.24,-2.05,408.09,313.81,0.69
237,4,374.45,-0.76,376.89,304.63,0.72
238,4,375.22,-0.69,373.65,300.54,0.69
239,4,375.54,0.18,383.91,299.74,0.65
240,4,376.38,0.01,350.32,298.83,0.63
241,4,378.25,0.10,330.46,300.53,0.69
242,4,378.99,0.27,334.71,299.22,0.63
243,4,378.60,-0.21,329.60,296.77,0.69
244,4,379.87,-0.27,316.50,295.89,0.72
245,4,381.07,-0.20,326.31,295.60,0.71
246,4,382.17,0.58,335.87,302.83,0.71
247,4,382.60,0.92,326.40,295.05,0.80
248,4,384.13,0.48,367.92,281.38,0.81
249,4,385.94,1.06,388.88,272.93,0.71
250,4,387.95,1.33,346.19,278.75,0.82
251,4,393.53,0.12,363.52,272.28,0.65
252,4,400.00,0.39,349.92,280.67,0.70
253,4,393.81,-0.16,399.88,285.09,0.68
255,4,409.28,1.10,373.16,260.77,0.69
256,4,479.44,0.81,284.47,249.67,0.79
257,4,131.71,2.09,667.71,343.82,0.51
258,6,749.00,0.00,187.00,325.00,0.79
259,6,760.20,0.00,305.40,355.40,0.89
260,6,741.12,1.50,393.36,406.74,0.84
261,6,708.70,76.81,466.71,386.36,0.75
263,6,621.93,347.95,527.76,182.48,0.62
264,6,573.02,432.48,530.92,176.24,0.76
265,6,537.99,463.35,506.38,208.16,0.76
273,7,349.00,564.00,187.00,153.00,0.78
274,7,316.20,529.60,211.80,186.60,0.80
275,7,258.36,527.72,282.96,188.33,0.70
304,8,366.00,663.00,56.00,53.00,0.71
324,9,246.00,505.00,77.00,59.00,0.74
465,10,320.00,550.00,160.00,104.00,0.77
