225,1,478.00,538.00,58.00,104.00,0.82
226,1,470.00,538.80,58.00,102.40,0.69
227,1,459.98,539.73,59.54,103.64,0.64
228,1,444.33,543.14,65.43,99.40,0.79
229,1,429.45,544.17,69.46,98.79,0.67
231,1,403.44,550.32,77.81,102.20,0.65
232,1,399.18,556.19,73.50,102.34,0.55
233,1,387.90,558.88,78.01,101.68,0.61
280,2,314.00,506.00,106.00,102.00,0.81
281,2,310.00,509.20,102.00,89.20,0.80
282,2,309.22,510.65,93.42,81.00,0.68
283,2,291.80,500.25,104.60,89.46,0.85
284,2,276.17,487.97,111.29,97.57,0.84
285,2,268.82,483.11,113.60,104.53,0.86
286,2,260.50,480.93,103.29,105.64,0.76
290,2,224.08,518.89,61.93,55.98,0.55
291,2,210.78,528.95,71.40,54.39,0.60
426,3,152.00,271.00,125.00,98.00,0.78
427,3,152.00,271.80,125.00,99.60,0.65
428,3,152.00,271.19,125.00,101.44,0.67
429,3,152.00,270.98,125.00,100.53,0.67
430,3,152.75,270.93,125.75,100.92,0.56
431,3,152.27,270.21,125.27,116.92,0.62
432,3,151.39,270.62,126.51,107.89,0.68
433,3,151.77,270.83,125.56,102.23,0.72
434,3,151.91,270.91,125.20,100.14,0.55
435,3,151.97,270.94,125.07,99.39,0.58
484,3,152.00,273.99,127.00,99.00,0.56
485,3,152.69,272.63,126.32,100.40,0.55
487,3,152.97,272.91,123.65,98.51,0.72
490,3,152.11,272.10,124.77,98.90,0.51
544,3,51.07,292.98,206.94,232.90,0.81
545,3,61.35,330.41,201.82,233.27,0.92
546,3,78.06,393.58,194.68,221.84,0.89
547,3,95.94,457.79,185.85,207.22,0.89
548,3,111.38,515.21,177.13,186.33,0.89
549,3,125.09,565.48,166.50,146.49,0.83
550,3,139.52,605.48,155.14,113.47,0.85
552,3,146.71,648.74,115.74,71.63,0.74
553,3,147.04,654.35,100.26,63.47,0.71
554,3,150.07,656.43,90.21,60.14,0.57
554,4,129.00,484.00,54.00,93.00,0.74
555,4,147.40,490.40,52.40,92.20,0.68
556,4,162.65,503.23,50.53,87.41,0.60
589,5,172.00,522.00,50.00,85.00,0.70
590,5,170.40,522.00,50.80,85.00,0.70
591,5,170.09,522.00,50.19,85.00,0.65
592,5,169.21,523.56,49.20,84.22,0.61
593,5,167.43,522.53,49.67,84.73,0.60
594,5,166.88,522.90,49.84,85.63,0.54
595,5,165.33,522.32,49.91,85.24,0.64
598,5,162.05,522.05,49.98,85.04,0.55
599,5,161.70,523.41,50.00,85.00,0.51
602,5,159.84,524.84,49.15,84.99,0.56
603,5,158.31,525.03,48.32,85.00,0.66
604,5,157.13,525.10,48.05,85.00,0.69
605,5,156.06,524.45,47.28,85.00,0.68
606,5,154.36,524.86,46.34,84.34,0.64
607,5,153.10,525.67,46.00,83.42,0.62
608,5,151.34,525.30,46.55,83.75,0.67
609,5,148.73,525.16,47.43,83.88,0.65
610,5,147.14,524.44,49.09,84.59,0.65
611,5,146.58,522.84,52.98,87.50,0.59
612,5,146.39,524.85,51.26,86.64,0.63
613,5,147.05,526.30,51.19,86.29,0.54
616,5,149.95,526.18,60.33,86.91,0.69
617,5,151.15,526.80,58.50,86.31,0.68
618,5,152.95,527.02,58.39,86.10,0.68
619,5,156.24,527.75,57.02,86.02,0.72
620,5,158.16,528.68,57.79,86.65,0.65
621,5,160.17,528.36,63.95,86.23,0.61
622,5,162.81,530.21,59.31,84.75,0.65
623,5,165.87,531.56,56.59,83.52,0.67
624,5,168.31,532.04,56.25,82.41,0.54
627,5,177.07,531.35,53.51,83.70,0.62
628,5,181.05,531.16,52.37,83.96,0.65
629,5,185.04,531.09,51.99,83.39,0.64
630,5,189.77,531.06,51.87,83.17,0.70
631,5,193.44,531.05,52.51,83.08,0.73
632,5,197.37,531.70,52.76,82.38,0.75
633,5,202.05,531.95,51.53,81.45,0.70
634,5,206.37,530.70,52.42,81.11,0.51
635,5,209.85,530.23,53.41,80.98,0.63
636,5,213.68,528.07,53.13,83.60,0.54
637,5,218.98,526.61,52.36,85.22,0.64
638,5,223.49,525.41,51.41,84.53,0.70
639,5,225.70,524.97,53.06,83.60,0.73
640,5,228.40,524.16,53.02,83.89,0.67
641,5,230.60,523.21,53.66,83.34,0.59
642,5,231.98,522.88,53.90,82.47,0.61
643,5,232.38,522.77,55.97,81.47,0.57
645,5,238.78,522.71,54.52,81.07,0.52
648,5,185.87,518.49,113.57,86.96,0.50
653,5,223.52,533.26,61.05,77.05,0.64
654,5,222.51,534.08,51.26,77.49,0.69
655,5,211.81,534.35,51.74,78.26,0.52
656,5,199.44,534.42,51.16,78.56,0.76
657,5,184.56,533.08,52.54,81.36,0.55
658,5,170.59,533.21,50.32,80.45,0.75
659,5,154.65,535.90,49.61,78.77,0.55
660,5,141.81,535.54,45.27,77.47,0.62
738,6,738.00,87.00,123.00,235.00,0.76
739,6,746.80,99.80,131.80,217.40,0.73
740,6,774.08,102.33,126.68,202.87,0.78
741,6,778.19,83.55,136.66,216.33,0.81
742,6,746.01,65.72,175.76,229.09,0.75
743,6,732.42,68.38,191.41,227.77,0.75
744,6,757.77,73.57,164.24,229.03,0.69
745,6,793.14,83.29,130.38,225.20,0.82
746,6,814.86,93.97,108.49,205.84,0.78
747,6,826.58,84.75,94.85,211.86,0.55
750,6,849.73,109.18,67.40,221.42,0.61
751,6,847.21,123.89,68.72,216.77,0.59
752,6,840.54,133.11,74.54,213.07,0.68
753,6,836.87,136.38,77.90,212.36,0.70
754,6,834.04,137.44,80.56,212.10,0.69
755,6,831.58,138.36,82.90,210.01,0.74
756,6,831.28,138.55,83.12,209.23,0.77
757,6,832.48,137.83,82.53,208.95,0.75
758,6,830.94,136.79,83.61,209.52,0.75
759,6,829.69,136.31,84.66,209.09,0.72
760,6,829.87,135.38,85.05,210.26,0.71
761,6,833.23,137.62,81.89,209.39,0.81
762,6,832.52,139.06,82.66,209.06,0.83
763,6,831.59,140.21,82.93,209.61,0.82
764,6,831.23,139.26,83.69,211.81,0.80
765,6,830.43,142.14,84.63,210.00,0.81
766,6,828.82,143.85,84.32,209.31,0.80
767,6,826.88,145.76,84.85,207.07,0.78
768,6,822.87,148.42,86.36,202.91,0.76
769,6,816.79,149.35,88.88,198.69,0.82
770,6,808.65,148.29,93.08,198.50,0.82
771,6,801.70,145.85,97.89,199.81,0.81
772,6,798.42,142.91,99.73,201.65,0.79
773,6,795.93,141.77,101.70,203.04,0.80
774,6,796.34,141.33,101.12,203.58,0.79
775,6,796.61,140.50,100.84,203.79,0.80
776,6,795.49,140.18,101.99,203.88,0.78
777,6,795.13,141.38,102.39,202.60,0.81
778,6,794.41,141.83,102.50,202.12,0.83
779,6,794.21,141.33,102.51,203.27,0.83
780,6,794.19,140.48,102.47,201.73,0.80
781,6,792.93,136.84,101.77,206.46,0.80
782,6,792.51,139.42,101.47,204.94,0.83
783,6,794.37,145.06,101.34,201.71,0.81
784,6,796.45,153.17,99.95,194.50,0.84
785,6,800.59,156.19,96.75,189.79,0.84
786,6,799.50,156.57,96.87,189.45,0.82
787,6,797.11,151.99,98.91,198.72,0.86
788,6,795.57,148.98,99.02,202.15,0.87
789,6,792.36,148.43,99.71,202.82,0.88
790,6,790.51,148.22,99.97,203.72,0.89
791,6,789.18,149.44,99.40,203.39,0.88
792,6,788.72,153.86,97.85,198.64,0.87
793,6,784.60,156.19,98.60,194.15,0.85
794,6,780.46,156.36,101.51,195.16,0.85
795,6,778.94,155.07,101.30,195.55,0.85
796,6,777.77,151.90,101.20,199.03,0.84
797,6,778.05,150.70,99.83,201.66,0.85
798,6,777.56,152.87,99.97,201.34,0.86
799,6,778.08,155.01,98.70,199.23,0.86
800,6,778.99,157.14,96.88,198.42,0.84
801,6,777.38,157.26,97.54,197.45,0.83
802,6,776.15,156.62,97.79,194.44,0.85
803,6,777.05,156.35,96.57,193.32,0.85
804,6,776.76,154.91,96.11,191.59,0.83
805,6,774.03,151.69,97.28,192.29,0.80
806,6,772.37,149.16,98.38,193.24,0.83
807,6,770.46,146.24,98.80,194.28,0.79
808,6,765.82,143.84,102.25,196.01,0.79
809,6,761.51,135.71,104.85,194.03,0.68
810,6,756.00,130.01,109.08,203.88,0.77
811,6,750.07,124.05,115.84,212.06,0.75
812,6,747.19,112.13,117.80,222.30,0.54
813,6,747.44,110.15,117.22,221.09,0.68
814,6,747.00,105.62,118.22,223.74,0.68
815,6,748.20,104.00,118.56,228.58,0.76
816,6,750.04,100.25,119.30,230.37,0.57
819,6,754.53,90.43,123.44,234.64,0.68
820,6,758.17,90.06,121.21,236.97,0.70
821,6,760.79,90.60,119.75,237.78,0.69
822,6,761.09,90.22,119.87,240.04,0.70
823,6,760.52,89.48,120.58,241.53,0.75
824,6,758.98,87.95,120.85,240.11,0.77
825,6,757.72,87.43,120.96,238.23,0.77
826,6,756.58,86.64,121.66,235.51,0.79
827,6,756.15,85.07,121.26,237.13,0.80
828,6,754.67,81.90,122.42,243.02,0.81
829,6,752.81,80.09,123.52,241.95,0.76
830,6,752.11,79.47,123.27,240.19,0.74
831,6,753.19,79.30,123.16,238.84,0.70
832,6,753.61,77.97,123.12,239.65,0.65
833,6,754.44,77.52,121.11,245.23,0.74
834,6,754.77,78.05,120.35,247.97,0.72
835,6,754.23,82.88,120.06,243.09,0.60
836,6,752.04,87.44,121.95,239.84,0.63
837,6,749.26,90.50,125.29,240.61,0.61
838,6,746.26,91.63,127.86,240.23,0.64
839,6,742.52,89.39,130.14,244.05,0.74
840,6,734.60,89.20,133.59,243.51,0.80
841,6,725.77,89.78,136.84,241.97,0.84
842,6,722.42,91.31,137.40,240.71,0.86
843,6,722.53,89.23,134.96,241.56,0.86
844,6,722.69,89.76,132.65,239.23,0.85
845,6,724.17,89.96,133.73,237.02,0.85
846,6,726.75,88.70,134.77,239.53,0.85
847,6,731.07,88.23,135.80,253.66,0.80
848,6,733.42,88.70,138.14,261.52,0.80
849,6,736.95,89.54,135.73,264.53,0.80
850,6,751.55,100.92,120.88,259.12,0.62
851,6,754.43,97.42,115.08,258.23,0.68
852,6,755.38,93.44,111.07,256.53,0.73
853,6,757.70,99.82,104.92,248.58,0.63
854,6,761.91,132.94,97.96,222.16,0.70
855,6,760.50,120.47,97.03,245.43,0.65
856,6,757.22,139.75,96.12,229.10,0.71
857,6,751.20,154.88,96.59,219.02,0.81
858,6,746.30,164.24,93.47,218.17,0.82
859,6,745.18,169.44,97.90,219.96,0.87
860,6,745.46,178.47,109.42,221.37,0.86
861,6,741.10,153.67,134.72,262.54,0.86
862,6,747.28,164.19,158.38,293.40,0.84
863,6,762.56,196.98,176.18,322.80,0.90
864,6,806.18,257.35,147.80,332.85,0.89
865,6,836.58,338.89,116.85,319.64,0.88
866,6,801.48,442.27,137.76,260.58,0.88
869,7,561.00,615.00,106.00,101.00,0.75
921,8,159.00,538.00,365.00,174.00,0.75
922,8,167.80,537.20,353.00,174.80,0.76
923,8,178.08,540.12,348.33,173.41,0.60
924,8,190.08,543.45,341.30,168.27,0.56
926,9,254.00,563.00,49.00,66.00,0.73
927,9,274.00,563.80,48.20,63.60,0.52
928,9,296.47,566.30,51.92,62.35,0.59
