94,1,227.00,618.00,160.00,98.00,0.71
131,2,202.00,340.00,155.00,176.00,0.89
132,2,210.00,341.60,155.00,200.00,0.90
133,2,223.10,346.33,148.83,218.47,0.92
134,2,244.93,370.63,140.43,213.75,0.86
135,2,260.97,405.06,177.91,229.59,0.76
136,2,287.18,431.44,167.43,221.73,0.86
137,2,310.12,449.97,145.54,204.92,0.76
138,2,328.63,462.46,124.00,188.67,0.80
139,2,343.11,469.98,111.75,183.79,0.89
140,2,358.57,478.20,103.76,177.37,0.91
141,2,375.08,485.20,98.60,175.96,0.85
142,2,389.76,496.05,95.05,170.11,0.89
143,2,406.02,510.34,90.58,164.03,0.87
144,2,423.52,525.88,85.78,157.89,0.87
145,2,441.44,541.86,80.15,152.45,0.87
146,2,456.61,555.20,76.39,145.89,0.88
147,2,471.60,567.59,71.81,141.70,0.89
148,2,484.37,578.27,71.97,135.60,0.87
149,2,494.43,589.03,73.54,128.80,0.88
150,2,502.91,597.05,76.25,122.48,0.85
151,2,508.87,598.53,80.68,119.83,0.85
152,2,515.97,600.69,81.70,117.73,0.87
153,2,520.76,604.47,84.15,114.43,0.89
154,2,524.82,608.84,86.41,109.33,0.88
155,2,529.91,612.75,87.95,104.95,0.83
156,2,533.44,613.07,88.55,105.02,0.83
157,2,535.72,611.61,89.44,106.53,0.82
158,2,537.58,608.18,90.44,109.22,0.82
159,2,539.30,608.10,91.48,108.97,0.82
160,2,541.64,606.54,91.87,110.31,0.85
161,2,544.89,602.53,92.67,113.54,0.76
162,2,549.81,602.93,91.66,113.46,0.82
163,2,552.74,601.66,92.58,114.15,0.73
164,2,555.62,603.76,94.23,113.11,0.83
165,2,557.82,601.83,95.51,114.09,0.77
166,2,559.11,600.40,95.98,115.13,0.80
167,2,560.72,602.45,96.80,113.57,0.78
168,2,563.12,604.52,98.41,111.67,0.78
169,2,564.54,605.24,98.35,110.98,0.76
170,2,565.57,606.14,97.65,109.43,0.80
171,2,567.12,607.09,97.36,108.87,0.82
172,2,567.57,606.73,97.24,108.70,0.81
174,2,565.45,596.31,94.00,119.74,0.61
175,2,561.10,592.61,87.03,124.26,0.80
176,2,551.94,586.06,78.42,131.11,0.86
177,2,533.14,575.26,71.92,141.36,0.87
178,2,507.64,560.37,71.21,151.63,0.88
179,2,480.56,543.81,71.72,160.05,0.87
180,2,454.85,521.53,69.94,169.63,0.86
181,2,431.50,495.82,68.02,185.26,0.87
182,2,411.98,469.60,65.35,203.16,0.87
183,2,390.43,445.56,68.63,218.33,0.87
184,2,366.51,423.57,79.09,228.72,0.90
185,2,340.67,401.78,91.75,235.25,0.87
186,2,309.64,375.71,114.69,239.55,0.89
187,2,276.91,351.09,140.53,235.97,0.90
188,2,243.19,336.00,163.92,215.60,0.90
189,2,215.39,336.86,170.44,171.77,0.85
190,2,192.58,332.11,176.69,129.42,0.73
352,3,195.00,343.00,50.00,67.00,0.79
353,3,192.60,340.60,70.00,83.00,0.71
354,3,186.68,340.89,93.39,93.04,0.88
355,3,188.60,357.95,105.09,77.24,0.88
356,3,196.76,377.19,100.68,74.23,0.86
357,3,213.87,372.01,75.60,109.85,0.84
358,3,229.72,370.20,50.15,130.57,0.84
359,3,231.72,370.71,49.49,139.87,0.87
360,3,229.40,371.88,56.65,142.22,0.89
361,3,227.34,374.04,64.98,140.86,0.89
362,3,225.82,376.65,72.69,138.01,0.91
363,3,225.77,373.67,75.76,140.41,0.88
364,3,227.60,371.78,76.88,140.52,0.87
365,3,228.28,369.62,78.50,140.31,0.87
366,3,227.87,367.37,80.33,139.99,0.89
367,3,227.02,365.77,82.25,138.37,0.90
368,3,226.66,364.42,82.93,138.85,0.90
369,3,226.48,365.16,81.16,136.29,0.91
370,3,227.03,365.40,75.78,136.45,0.89
371,3,228.55,368.08,69.57,135.75,0.88
372,3,229.77,371.04,65.84,133.40,0.87
373,3,228.80,371.46,67.25,131.08,0.89
374,3,227.11,371.56,68.41,130.13,0.90
375,3,226.46,370.23,68.85,131.72,0.90
376,3,226.86,371.67,66.36,132.28,0.88
377,3,228.36,372.19,62.70,133.77,0.88
378,3,229.58,373.67,59.99,134.29,0.88
379,3,232.06,374.20,57.00,135.77,0.88
380,3,231.55,375.68,56.65,137.60,0.86
381,3,230.67,375.56,57.92,138.92,0.87
382,3,230.34,376.13,59.07,139.38,0.87
383,3,229.54,377.63,60.19,139.51,0.88
384,3,228.57,380.14,61.95,138.20,0.87
385,3,228.20,382.38,63.94,137.67,0.86
386,3,227.41,382.53,67.95,138.09,0.85
387,3,226.46,382.54,70.75,138.89,0.85
388,3,225.45,385.14,73.12,138.52,0.86
389,3,225.71,386.09,74.02,138.35,0.87
390,3,226.46,388.39,74.99,136.95,0.87
391,3,226.76,391.20,76.62,133.75,0.87
392,3,227.53,390.87,77.87,135.20,0.85
393,3,226.54,392.69,78.96,135.08,0.87
394,3,227.45,393.33,78.70,135.69,0.82
395,3,227.15,394.18,79.87,135.26,0.84
396,3,227.04,395.78,80.28,135.10,0.83
397,3,227.00,398.98,80.41,133.71,0.77
398,3,226.98,399.48,80.42,134.52,0.83
399,3,226.33,398.29,81.71,136.14,0.82
400,3,226.73,397.80,80.87,136.76,0.83
401,3,227.55,398.89,79.19,135.67,0.82
402,3,228.52,397.95,77.20,135.24,0.84
403,3,228.89,395.57,74.44,135.08,0.87
404,3,230.36,390.03,63.99,137.67,0.80
405,3,230.20,385.32,47.28,136.67,0.73
406,3,209.97,372.29,60.98,137.59,0.85
407,3,190.93,362.82,82.47,126.08,0.82
408,3,175.65,351.77,103.40,107.92,0.84
409,3,166.67,342.26,117.93,84.26,0.72
513,4,399.00,330.00,177.00,133.00,0.84
514,4,407.80,330.80,194.60,174.60,0.80
515,4,397.49,332.35,244.21,210.05,0.87
516,4,371.42,335.00,303.72,238.66,0.75
519,4,421.65,479.94,359.35,174.62,0.73
523,4,458.19,588.02,282.00,117.85,0.58
524,4,450.37,600.69,249.04,110.34,0.66
538,5,535.00,488.00,48.00,54.00,0.72
539,5,547.80,482.40,47.20,55.60,0.72
540,5,563.45,479.80,43.95,52.85,0.55
541,5,578.24,478.13,44.51,51.12,0.64
542,5,594.96,480.78,40.18,48.39,0.58
543,5,604.02,486.20,42.69,46.89,0.57
703,6,243.00,336.00,130.00,106.00,0.78
704,6,243.00,337.60,146.80,134.80,0.89
705,6,245.96,347.84,157.31,161.25,0.89
706,6,251.47,383.82,162.69,164.43,0.80
707,6,261.24,438.12,155.66,152.72,0.85
708,6,275.34,497.38,145.54,141.83,0.74
709,6,274.81,557.17,152.09,130.01,0.79
780,7,498.00,644.00,92.00,71.00,0.72
781,7,496.40,643.20,92.00,71.80,0.60
782,7,498.40,637.67,91.23,79.63,0.54
791,7,497.08,596.42,65.25,83.99,0.51
