51,1,612.00,549.00,60.00,126.00,0.79
52,1,610.40,544.20,58.40,127.60,0.79
53,1,605.42,539.44,56.53,128.67,0.79
54,1,597.45,534.74,56.72,129.04,0.75
55,1,588.42,530.40,59.09,127.63,0.82
56,1,577.84,528.42,64.86,127.87,0.83
57,1,571.57,528.61,68.88,129.36,0.84
58,1,565.52,528.81,71.68,130.58,0.85
59,1,560.85,529.66,74.64,131.01,0.87
60,1,558.64,531.42,76.35,131.15,0.87
61,1,556.75,532.80,76.93,130.51,0.87
62,1,554.96,532.70,77.06,130.93,0.86
63,1,552.54,532.68,77.02,131.07,0.86
64,1,549.19,532.04,78.90,131.78,0.86
65,1,546.76,529.83,79.56,132.69,0.86
66,1,545.35,529.02,79.75,133.03,0.85
67,1,542.37,526.76,78.46,133.14,0.83
68,1,534.17,525.28,80.53,135.15,0.84
69,1,527.29,524.10,81.27,137.21,0.85
70,1,516.98,524.99,81.51,137.97,0.85
71,1,502.73,526.69,82.87,139.55,0.86
72,1,485.75,529.98,84.00,140.78,0.88
73,1,465.12,533.87,86.35,143.18,0.89
74,1,439.31,536.66,91.74,147.33,0.89
75,1,412.38,540.32,98.89,152.13,0.89
76,1,386.91,546.23,103.55,155.87,0.89
77,1,362.51,551.08,109.15,160.50,0.90
78,1,341.83,558.07,112.57,157.08,0.88
79,1,325.16,566.65,115.74,150.37,0.88
80,1,315.21,575.15,118.19,142.40,0.84
81,1,291.98,581.56,136.94,136.02,0.71
82,1,243.33,583.75,183.16,134.38,0.76
83,1,250.62,582.40,173.47,134.49,0.67
84,1,234.10,580.44,190.03,137.24,0.71
85,1,229.55,576.31,193.32,140.92,0.66
86,1,274.07,573.37,149.93,143.64,0.76
87,1,297.67,569.56,128.71,146.64,0.83
88,1,308.67,563.50,122.96,152.99,0.81
89,1,314.54,557.31,154.61,159.26,0.74
90,1,324.18,553.62,130.31,158.44,0.84
91,1,335.66,550.24,113.95,153.47,0.88
92,1,342.66,543.70,106.02,150.81,0.88
93,1,345.04,536.00,102.69,150.46,0.88
94,1,345.15,528.57,103.69,150.96,0.89
95,1,349.26,521.90,102.06,152.46,0.90
96,1,356.89,518.17,100.17,153.66,0.91
97,1,363.70,514.26,97.51,152.79,0.89
98,1,368.14,510.92,93.20,151.11,0.87
99,1,368.24,505.17,93.11,151.12,0.88
100,1,364.80,499.83,94.49,153.09,0.90
101,1,363.48,495.98,94.38,155.14,0.90
102,1,360.90,495.31,94.40,157.87,0.90
103,1,354.55,494.53,95.79,160.85,0.90
104,1,344.22,495.66,99.65,162.62,0.89
105,1,335.80,497.52,102.42,161.30,0.89
106,1,330.66,499.02,104.79,159.42,0.89
107,1,330.71,500.33,105.05,158.02,0.88
108,1,334.76,500.24,103.82,158.79,0.89
109,1,337.71,499.60,104.66,159.73,0.90
110,1,342.14,500.07,104.97,157.44,0.90
111,1,346.49,499.64,105.73,155.21,0.91
112,1,352.75,499.52,106.01,149.06,0.91
113,1,361.05,501.55,98.88,142.70,0.84
114,1,376.40,505.06,90.68,126.16,0.78
142,1,425.07,522.80,79.04,144.93,0.72
143,1,425.47,519.92,79.63,147.88,0.57
144,1,427.00,519.48,79.11,147.02,0.75
145,1,397.59,557.44,173.36,140.72,0.71
146,1,397.28,537.13,186.16,172.45,0.77
147,1,409.87,527.24,171.44,187.70,0.78
148,1,420.39,565.24,154.53,150.49,0.68
149,1,427.34,611.46,139.32,105.95,0.64
149,2,428.00,518.00,79.00,147.00,0.81
150,1,427.45,632.85,134.95,83.80,0.66
150,2,427.20,518.00,79.80,147.00,0.77
151,1,414.47,629.81,146.16,86.42,0.67
151,2,426.28,517.23,80.72,146.23,0.80
152,1,405.21,631.33,147.19,85.57,0.59
152,2,425.19,516.97,80.26,145.97,0.79
153,2,424.13,516.16,80.09,146.67,0.86
154,2,422.37,515.19,80.02,148.35,0.85
155,2,421.80,514.88,80.00,148.93,0.84
156,2,421.65,514.80,80.00,148.43,0.81
157,2,420.95,514.79,81.36,147.54,0.82
158,2,420.73,514.13,81.19,146.52,0.82
158,1,435.63,654.21,102.24,62.92,0.50
159,2,420.68,513.23,81.11,146.82,0.83
160,2,421.36,512.24,80.41,147.61,0.89
161,2,420.30,511.23,82.15,149.90,0.82
162,2,419.93,508.88,83.45,149.43,0.80
163,2,419.80,507.36,83.94,147.90,0.80
164,2,419.78,508.81,83.45,148.65,0.86
165,2,421.11,508.06,81.26,151.58,0.87
166,2,418.96,507.14,82.42,152.01,0.88
167,2,416.86,508.14,82.85,153.48,0.87
168,2,416.74,509.19,81.69,152.70,0.88
169,2,416.06,509.62,81.90,153.04,0.88
170,2,416.48,510.45,80.66,152.49,0.84
171,2,417.34,512.75,79.52,150.95,0.86
172,2,416.34,513.63,80.43,150.36,0.84
173,2,415.32,516.60,80.12,150.13,0.86
173,3,322.00,567.00,70.00,57.00,0.74
174,2,414.95,515.06,79.34,150.04,0.85
174,3,336.40,577.40,58.00,57.00,0.61
175,2,412.84,516.44,79.05,150.67,0.81
175,3,349.13,567.84,59.63,56.23,0.71
176,2,406.09,518.27,84.92,151.57,0.81
177,2,410.71,519.61,79.35,151.91,0.87
177,3,340.41,579.57,57.34,54.20,0.65
178,2,412.02,522.07,78.39,150.71,0.86
178,3,332.46,578.76,55.32,53.93,0.73
179,2,412.51,523.64,78.05,150.25,0.85
179,3,332.30,576.33,53.29,54.57,0.75
180,2,412.04,524.86,79.26,149.41,0.83
180,3,339.54,579.63,55.56,54.81,0.79
181,2,412.54,526.60,78.40,150.42,0.82
181,3,350.21,583.55,58.40,53.53,0.77
182,2,414.74,526.56,77.41,152.13,0.79
183,2,404.92,527.17,88.37,150.79,0.56
184,2,420.29,559.14,92.29,96.65,0.51
185,4,494.00,566.00,117.00,65.00,0.77
186,4,444.40,541.20,258.60,65.00,0.72
187,4,427.44,489.40,365.17,108.16,0.58
187,5,672.00,472.00,177.00,82.00,0.76
204,2,421.21,536.23,76.17,144.76,0.54
205,2,420.33,534.41,75.08,146.57,0.60
206,2,420.10,532.43,74.06,148.43,0.70
207,2,420.01,532.31,73.05,147.82,0.73
208,2,417.93,531.67,74.09,148.12,0.77
209,2,415.83,532.11,77.20,147.52,0.84
210,2,415.73,531.67,77.70,147.86,0.82
211,2,417.06,531.54,77.90,147.93,0.82
212,2,418.24,531.52,76.64,147.24,0.59
213,2,418.70,531.55,76.17,146.91,0.58
214,2,418.21,531.59,78.00,146.74,0.77
215,2,419.35,531.63,79.34,146.63,0.81
216,2,419.13,532.33,80.50,145.89,0.85
216,4,742.62,159.76,263.48,97.08,0.75
217,2,421.01,532.62,80.28,145.57,0.87
217,4,744.52,112.21,265.29,114.38,0.67
218,2,423.05,532.74,80.18,145.42,0.87
218,4,747.92,56.62,257.57,147.05,0.71
219,2,424.47,532.80,79.48,145.34,0.86
219,4,758.39,24.77,238.05,169.32,0.64
220,2,424.99,534.82,79.20,145.29,0.66
220,4,784.58,11.76,209.06,169.15,0.55
235,2,426.11,530.11,81.96,145.01,0.84
236,2,426.08,529.27,82.04,145.68,0.87
237,2,426.07,528.99,82.06,145.90,0.89
238,2,426.72,529.56,80.75,145.32,0.88
239,2,424.96,530.45,80.91,144.43,0.82
240,2,424.97,531.46,80.30,145.43,0.83
241,2,423.64,531.84,79.41,145.81,0.54
246,6,828.00,85.00,273.00,386.00,0.82
256,7,439.00,438.00,386.00,267.00,0.71
275,2,329.21,563.93,239.61,151.98,0.54
276,2,323.41,562.95,246.08,153.43,0.58
277,2,319.47,559.95,251.82,156.58,0.64
278,2,316.08,554.81,257.12,161.73,0.77
279,2,314.80,553.50,262.23,163.00,0.81
280,2,314.38,555.65,273.53,160.79,0.85
281,2,311.76,557.16,288.51,159.23,0.83
282,2,308.29,555.74,303.08,159.93,0.80
283,2,306.98,556.53,315.01,160.18,0.63
284,2,449.92,572.04,186.90,139.09,0.78
285,2,523.93,580.24,125.05,128.64,0.75
286,2,544.71,585.74,108.66,123.09,0.78
287,2,545.42,592.39,105.77,119.91,0.85
288,2,537.73,602.19,104.50,112.03,0.77
291,8,307.00,572.00,254.00,144.00,0.74
292,8,304.60,575.20,246.80,141.60,0.72
293,8,296.35,573.50,246.96,144.23,0.70
294,8,288.19,571.39,253.26,145.88,0.76
295,8,285.86,572.25,251.50,145.58,0.72
296,8,291.21,578.39,247.13,139.63,0.57
299,9,380.00,476.00,124.00,53.00,0.79
300,9,380.00,463.20,96.80,54.60,0.79
301,9,365.06,453.12,66.26,78.57,0.69
302,9,347.70,458.84,50.95,97.33,0.72
303,9,347.72,475.62,45.03,97.87,0.64
304,9,357.16,496.05,34.89,103.69,0.58
304,8,392.60,507.11,149.78,206.14,0.78
305,8,402.75,497.22,145.98,211.58,0.89
306,8,405.39,495.16,152.50,195.41,0.86
307,8,410.25,497.41,152.67,175.15,0.85
308,8,405.31,501.31,153.03,165.15,0.82
309,8,398.41,505.58,155.41,160.81,0.81
309,10,473.00,636.00,108.00,77.00,0.73
310,8,390.33,509.97,156.38,156.51,0.85
310,10,474.60,632.00,105.60,82.60,0.74
311,8,381.83,514.44,158.19,151.52,0.86
311,10,474.13,630.49,105.13,85.16,0.66
312,8,372.63,514.20,157.59,148.99,0.85
312,10,475.55,628.44,102.63,87.59,0.53
313,8,357.13,507.45,158.10,160.89,0.90
314,8,334.78,501.80,165.00,184.61,0.92
315,8,312.21,498.40,176.72,193.05,0.90
315,10,487.98,600.63,104.73,113.53,0.74
316,8,293.47,499.03,185.03,192.59,0.86
316,10,482.99,588.78,115.76,125.04,0.73
317,8,278.64,505.88,188.91,194.78,0.88
317,10,478.77,577.88,123.97,130.80,0.60
318,8,266.03,512.47,191.65,189.71,0.85
318,10,486.12,567.96,118.71,132.30,0.88
319,8,253.03,516.45,195.88,187.55,0.81
319,10,488.42,557.19,114.31,139.69,0.89
320,8,242.50,521.26,199.37,186.65,0.83
320,10,489.23,550.61,108.54,146.26,0.91
321,8,236.16,528.35,202.59,181.62,0.89
321,10,487.44,548.21,107.00,148.09,0.92
322,8,234.04,532.39,203.10,177.63,0.88
322,10,485.40,547.54,105.75,148.61,0.92
323,8,236.18,537.19,201.90,173.42,0.90
323,10,481.93,546.89,105.28,149.90,0.91
324,8,245.20,542.95,198.08,170.49,0.87
324,10,477.95,547.49,106.44,150.24,0.91
325,8,254.24,546.35,193.89,168.73,0.87
325,10,473.83,547.94,108.86,149.57,0.90
326,8,265.19,548.20,186.95,166.75,0.86
326,10,470.32,548.32,110.42,149.15,0.90
327,8,272.19,548.80,182.29,166.71,0.89
327,10,469.02,549.28,111.00,148.85,0.90
328,8,277.56,544.28,178.57,171.37,0.89
328,10,467.92,550.46,112.51,147.31,0.89
329,8,276.25,534.66,177.88,175.09,0.86
329,10,466.23,553.03,115.69,144.64,0.90
330,8,272.45,522.43,183.01,181.75,0.89
330,10,466.28,552.83,115.57,144.18,0.90
331,8,269.10,515.84,186.24,192.05,0.91
331,10,467.01,551.52,114.17,145.26,0.91
332,8,270.50,513.98,182.22,192.13,0.89
332,10,466.68,548.47,115.58,146.27,0.92
333,8,276.44,513.34,172.67,191.41,0.90
333,10,467.24,547.39,116.75,146.60,0.92
334,8,284.16,515.78,158.93,180.59,0.91
334,10,466.83,547.72,119.13,146.01,0.92
335,8,291.15,518.16,152.59,174.30,0.91
335,10,464.74,547.28,123.93,146.39,0.92
336,8,297.68,517.74,148.43,169.97,0.91
336,10,462.03,547.17,126.38,147.15,0.90
337,8,303.36,516.28,144.34,168.39,0.91
337,10,459.70,551.14,126.64,144.11,0.92
338,8,312.85,515.78,141.65,171.86,0.89
338,10,456.23,558.71,128.63,138.92,0.89
339,8,322.27,516.94,142.19,165.89,0.86
339,10,454.95,562.94,126.76,140.96,0.79
340,8,330.26,515.42,139.12,161.60,0.88
340,10,455.82,566.45,122.02,143.69,0.57
341,8,337.07,508.82,134.05,166.81,0.88
341,10,451.56,570.39,117.50,142.74,0.84
342,8,347.52,509.10,133.02,164.09,0.76
342,10,441.30,572.52,119.15,141.70,0.86
343,10,403.27,552.73,146.18,157.86,0.73
344,10,384.67,531.61,153.43,174.50,0.80
345,10,377.00,521.33,156.37,181.72,0.83
346,10,376.78,515.97,154.86,187.07,0.88
347,10,377.66,511.41,150.23,194.17,0.88
348,10,381.59,509.10,146.99,200.02,0.89
349,10,381.33,508.94,150.28,202.84,0.90
350,10,381.36,508.38,155.36,201.23,0.92
351,10,384.74,509.60,155.96,197.84,0.93
352,10,383.01,508.89,160.65,198.34,0.92
353,10,385.03,506.75,160.44,202.35,0.92
354,10,389.88,502.77,157.65,206.39,0.92
355,10,390.56,501.97,156.48,205.91,0.92
356,10,391.54,502.42,154.66,204.94,0.92
357,10,391.99,501.38,150.61,205.12,0.91
358,10,396.89,501.07,143.04,206.42,0.90
359,10,401.50,500.36,132.06,208.15,0.90
360,10,403.23,498.20,126.67,211.35,0.90
361,10,403.84,501.35,122.78,208.59,0.89
362,10,417.74,505.29,103.67,207.43,0.87
363,10,428.71,506.82,104.08,207.59,0.87
364,10,433.47,508.08,104.21,206.29,0.82
366,10,447.89,511.10,107.41,205.49,0.64
367,10,450.39,513.22,109.44,203.06,0.76
368,10,455.18,515.29,105.54,200.22,0.71
369,10,458.18,520.03,103.98,195.18,0.81
370,10,457.83,524.45,103.39,189.97,0.79
371,10,456.24,527.37,105.17,186.76,0.65
372,10,453.58,532.41,109.78,182.28,0.74
373,10,450.57,537.57,112.16,177.34,0.75
374,10,449.98,540.04,111.75,174.94,0.80
377,10,439.68,532.20,106.20,180.61,0.63
378,10,437.14,529.32,103.08,181.17,0.65
379,10,436.31,528.29,102.07,181.35,0.54
380,10,437.35,527.92,99.04,180.73,0.53
381,10,436.40,526.48,97.96,179.80,0.57
382,10,436.06,525.96,100.30,178.77,0.78
383,10,437.93,525.79,99.86,178.36,0.80
384,10,438.65,525.74,99.73,178.20,0.80
385,10,437.59,525.09,99.70,179.45,0.72
386,10,435.19,524.20,100.38,183.21,0.80
387,10,430.99,523.88,101.31,184.62,0.75
388,10,428.77,525.09,99.70,183.82,0.71
389,10,427.29,525.57,100.43,183.48,0.66
390,10,426.11,525.77,101.37,184.65,0.74
391,10,425.70,525.19,101.74,185.73,0.73
392,10,422.94,524.98,104.52,186.78,0.64
393,10,421.94,524.25,105.56,187.81,0.61
394,10,420.94,523.99,106.61,188.18,0.58
398,10,420.54,525.75,107.00,188.10,0.68
403,10,419.79,522.40,109.74,191.66,0.67
404,10,420.49,522.07,111.36,191.99,0.77
405,10,422.69,523.27,105.34,189.46,0.64
406,10,423.56,524.40,103.00,187.84,0.58
407,10,423.21,523.49,102.83,189.22,0.56
423,10,421.97,518.07,109.90,192.95,0.56
424,10,422.63,517.92,109.43,193.05,0.72
425,10,423.52,517.21,109.93,193.08,0.78
426,10,423.20,515.63,108.78,194.41,0.79
427,10,422.41,514.39,109.66,195.57,0.68
428,10,422.12,513.94,109.32,195.99,0.77
429,10,421.35,514.45,108.52,195.48,0.58
430,10,419.73,515.99,110.19,195.93,0.55
431,10,419.14,516.58,110.82,196.09,0.60
433,10,418.90,516.89,111.03,196.87,0.51
435,10,418.90,516.22,111.00,197.77,0.51
437,10,418.92,516.06,111.00,197.97,0.54
438,10,418.94,516.03,111.00,197.99,0.70
439,10,420.27,516.68,111.66,196.68,0.75
440,10,420.77,516.92,111.91,195.52,0.78
441,10,422.28,517.67,109.36,193.77,0.80
442,10,423.51,517.95,107.06,193.12,0.80
443,10,422.62,518.05,108.88,193.56,0.76
444,10,421.63,518.08,110.88,193.73,0.70
445,10,421.90,518.08,110.33,193.82,0.71
446,10,420.02,517.42,111.43,195.84,0.67
447,10,419.31,517.16,111.19,196.61,0.66
448,10,419.71,517.06,110.43,196.24,0.68
449,10,419.86,517.68,110.14,194.78,0.73
450,10,419.92,517.92,110.04,194.88,0.58
451,10,419.95,518.00,109.34,194.93,0.68
452,10,419.96,517.37,109.74,195.61,0.66
463,11,327.00,305.00,160.00,145.00,0.75
464,11,311.80,303.40,174.40,173.80,0.90
464,10,426.82,519.94,99.24,189.15,0.60
465,11,290.97,300.93,182.34,206.60,0.93
465,10,431.39,521.44,101.75,187.52,0.84
466,11,275.20,299.97,168.72,242.00,0.92
466,10,436.75,523.92,104.47,181.64,0.82
467,11,240.91,310.75,188.25,265.99,0.93
467,10,441.35,525.50,106.14,179.48,0.77
468,11,204.31,331.42,210.61,275.40,0.93
468,10,448.32,524.72,106.78,180.08,0.87
469,11,202.92,350.24,190.73,274.14,0.91
469,10,452.22,521.73,107.68,178.35,0.87
470,11,194.48,362.14,190.53,272.54,0.91
470,10,454.93,516.58,105.37,180.42,0.88
471,11,183.20,372.38,201.24,267.27,0.89
471,10,453.84,512.02,107.80,182.55,0.87
472,11,174.19,381.30,210.32,261.91,0.92
472,10,452.72,507.03,108.04,188.00,0.87
473,11,177.82,384.39,208.49,256.02,0.87
473,10,452.86,502.56,105.48,191.37,0.82
474,11,188.02,386.54,203.55,254.00,0.91
474,10,451.50,499.60,104.49,192.65,0.81
475,11,191.20,385.76,207.46,255.57,0.91
475,10,448.27,497.23,106.12,193.11,0.83
476,11,190.69,384.56,211.46,253.30,0.90
476,10,446.38,495.74,105.41,193.27,0.82
477,11,195.38,387.81,207.01,254.13,0.90
477,10,442.98,495.25,103.15,193.96,0.80
478,11,209.52,394.79,189.88,241.76,0.89
478,10,443.01,494.47,99.62,194.20,0.81
479,11,227.67,401.25,170.18,227.96,0.90
479,10,442.34,494.25,102.36,194.26,0.79
480,11,238.68,403.39,163.06,222.04,0.90
480,10,442.76,494.22,105.34,194.93,0.82
481,11,247.29,404.65,157.26,219.89,0.90
481,10,444.23,492.95,105.16,193.84,0.82
482,11,255.84,404.94,151.89,219.79,0.91
482,10,444.80,491.20,105.09,193.41,0.82
483,11,262.95,404.88,149.44,218.44,0.91
483,10,445.66,489.94,105.72,193.23,0.81
484,11,266.05,404.03,150.09,218.62,0.91
484,10,445.98,488.19,107.27,194.48,0.82
485,11,268.41,402.93,150.44,220.71,0.90
485,10,446.75,485.60,108.51,196.25,0.81
486,11,269.14,401.76,151.36,223.50,0.90
486,10,445.72,484.02,109.62,197.57,0.81
487,11,270.63,401.24,151.79,224.55,0.88
487,10,444.66,483.47,110.03,197.40,0.81
488,11,271.08,400.96,152.70,224.28,0.85
488,10,444.25,481.35,107.55,197.97,0.77
489,11,271.15,400.80,153.10,224.83,0.87
489,10,443.42,480.60,104.58,198.16,0.71
490,11,270.42,400.02,154.63,226.35,0.86
490,10,443.78,481.03,98.79,196.24,0.67
491,11,265.45,396.40,158.55,228.89,0.89
491,10,443.92,481.26,99.35,196.16,0.73
492,11,261.56,393.02,162.67,230.49,0.90
492,10,444.64,480.72,95.57,196.12,0.70
493,11,257.44,391.06,164.24,230.42,0.91
493,10,444.23,480.56,92.14,196.09,0.73
494,11,259.11,394.92,164.19,222.46,0.91
494,10,443.40,479.22,92.98,196.08,0.63
495,11,260.41,398.41,166.13,214.71,0.90
495,10,442.43,478.75,90.64,195.41,0.64
496,11,256.96,392.96,161.61,217.23,0.91
496,10,441.40,477.94,91.17,196.47,0.64
497,11,256.29,388.99,158.52,218.84,0.91
497,10,441.03,477.67,91.40,196.87,0.68
498,11,260.04,385.51,150.05,222.11,0.91
498,10,440.91,477.61,91.52,197.02,0.73
499,11,260.10,383.56,149.60,224.67,0.91
499,10,438.87,477.61,92.93,197.06,0.78
500,11,258.78,382.86,150.81,223.67,0.91
500,10,439.45,476.98,93.47,198.40,0.74
501,11,250.97,378.66,159.27,233.85,0.92
501,10,438.37,477.43,93.04,197.58,0.72
502,11,248.73,384.26,162.42,231.14,0.92
502,10,438.63,477.62,94.88,197.25,0.74
503,11,249.21,388.50,164.29,229.35,0.92
503,10,438.75,477.72,95.57,197.12,0.68
504,11,246.81,390.78,166.29,228.65,0.92
504,10,436.83,476.45,99.79,198.39,0.59
505,11,250.50,395.61,164.42,224.40,0.92
505,10,436.77,477.30,97.48,197.55,0.64
506,11,251.31,398.09,164.98,220.78,0.92
506,10,434.79,476.32,103.17,199.20,0.65
507,11,248.34,398.32,167.81,223.43,0.92
507,10,434.06,475.31,105.25,200.48,0.60
508,11,247.23,399.70,168.86,223.77,0.92
508,10,433.80,474.94,106.04,201.61,0.60
509,11,245.52,400.19,169.23,224.56,0.92
509,10,434.38,475.48,105.66,201.37,0.62
510,11,244.90,401.67,169.34,224.86,0.92
510,10,435.93,478.34,102.20,199.28,0.70
511,11,246.01,403.51,170.01,222.99,0.92
511,10,435.89,479.43,102.17,197.15,0.76
512,11,246.45,404.17,170.24,223.61,0.92
512,10,435.88,480.51,104.79,197.67,0.81
513,11,246.65,405.71,170.30,222.52,0.92
513,10,435.23,482.89,107.72,197.87,0.83
514,11,247.40,406.91,168.98,220.79,0.92
514,10,433.04,485.10,115.98,198.61,0.85
515,11,249.68,409.31,167.80,218.82,0.92
515,10,432.85,487.24,121.01,198.23,0.86
516,11,251.21,410.17,166.02,218.09,0.91
516,10,430.87,489.34,127.44,198.08,0.86
517,11,256.43,412.44,159.36,209.22,0.92
517,10,429.47,491.42,133.08,196.70,0.86
518,11,269.17,414.58,145.41,202.51,0.91
518,10,428.30,493.50,136.52,196.85,0.87
519,11,280.08,422.75,138.89,194.72,0.86
519,10,425.30,493.57,140.34,196.24,0.87
520,11,289.99,429.07,140.14,193.33,0.86
520,10,420.32,491.57,146.23,197.35,0.85
521,11,303.49,434.63,141.33,182.14,0.74
521,10,414.58,489.46,149.73,197.11,0.80
522,10,360.58,466.15,197.02,220.16,0.84
523,10,348.92,460.82,207.47,222.87,0.88
524,10,348.32,458.11,205.61,224.49,0.87
525,10,349.03,453.90,200.04,227.62,0.70
525,11,351.51,450.03,121.19,168.16,0.64
526,10,355.35,458.86,198.84,228.10,0.84
527,10,364.37,464.14,191.15,225.58,0.86
528,10,368.79,468.22,183.96,221.89,0.83
529,10,369.95,465.85,179.74,222.39,0.90
530,10,371.15,464.99,173.41,223.20,0.88
531,10,375.05,465.35,163.56,222.81,0.88
532,10,380.69,467.50,152.35,222.61,0.90
533,10,380.76,467.68,144.81,218.54,0.79
534,10,380.11,467.11,144.27,219.62,0.81
535,10,379.22,466.90,141.43,215.39,0.80
536,10,378.23,466.84,145.24,219.75,0.81
537,10,377.89,466.17,146.66,221.37,0.80
538,10,377.78,471.20,147.24,218.67,0.82
539,10,380.42,467.16,145.51,224.92,0.83
540,10,380.10,466.97,144.22,225.92,0.81
541,10,379.99,470.19,143.10,223.64,0.84
542,10,377.95,471.43,144.06,222.74,0.86
543,10,376.53,471.23,142.46,223.70,0.85
544,10,377.35,473.78,142.55,222.73,0.87
545,10,380.33,474.74,141.28,224.33,0.85
546,10,382.12,475.09,141.50,224.92,0.84
547,10,383.45,476.51,140.95,223.81,0.85
548,10,384.60,471.75,136.78,228.66,0.84
549,10,385.69,467.99,133.23,231.77,0.86
550,10,387.42,467.20,129.27,231.62,0.83
551,10,388.03,467.58,127.88,231.52,0.83
552,10,388.23,467.73,127.43,232.77,0.82
553,10,386.94,469.12,127.33,231.90,0.79
554,10,387.10,470.32,128.68,230.87,0.81
555,10,386.49,471.44,127.90,230.46,0.78
556,10,387.58,472.52,127.64,231.61,0.81
557,10,387.97,472.92,124.92,232.03,0.76
558,10,386.76,472.40,119.92,230.19,0.76
559,10,387.65,472.86,121.51,232.12,0.78
560,10,385.97,471.05,122.78,232.18,0.82
561,10,385.33,470.35,120.64,232.84,0.81
562,10,386.43,470.09,119.20,233.08,0.80
563,10,386.84,471.31,122.06,233.82,0.82
564,10,386.98,471.78,120.49,233.42,0.82
565,10,386.37,471.95,121.26,233.92,0.84
566,10,385.47,472.68,123.55,232.77,0.85
567,10,385.14,472.28,123.77,230.34,0.86
568,10,384.35,470.80,124.52,230.74,0.86
569,10,382.09,468.92,126.13,232.22,0.88
570,10,382.55,468.22,124.11,232.78,0.86
571,10,384.73,467.31,116.04,229.02,0.76
572,10,388.30,464.98,113.66,231.58,0.81
573,10,394.29,464.13,110.82,234.51,0.87
574,10,397.82,463.17,107.80,233.65,0.88
575,10,390.93,460.85,118.27,230.00,0.87
576,10,384.63,459.34,124.54,228.61,0.88
577,10,382.78,459.47,121.21,228.10,0.86
578,10,386.70,460.21,108.58,229.24,0.80
579,10,397.21,460.52,108.53,231.01,0.85
580,10,398.12,460.00,113.89,231.68,0.86
581,10,393.84,457.18,119.13,235.89,0.86
582,10,392.82,457.45,119.85,236.15,0.85
583,10,393.05,457.59,118.80,236.23,0.86
584,10,391.15,456.34,122.99,237.56,0.86
585,10,389.78,457.21,125.85,236.73,0.88
586,10,388.60,457.57,130.82,237.05,0.90
587,10,388.15,457.72,135.93,236.50,0.90
588,10,392.48,458.45,135.30,235.61,0.90
589,10,396.15,458.08,133.67,236.59,0.88
590,10,400.83,457.29,129.71,237.61,0.89
591,10,403.26,457.00,124.16,234.69,0.85
592,10,405.46,456.24,116.01,235.56,0.85
593,10,412.36,458.60,104.80,233.90,0.82
594,10,419.68,460.84,94.50,231.28,0.81
595,10,427.07,464.34,87.52,211.03,0.74
596,10,432.98,463.60,88.18,205.37,0.89
597,10,434.17,464.00,93.29,225.91,0.85
598,10,433.18,462.86,102.50,232.44,0.87
599,10,435.34,462.38,105.95,235.03,0.88
600,10,436.72,463.49,106.68,232.73,0.86
601,10,439.75,463.26,105.65,234.44,0.87
602,10,446.09,464.47,103.93,236.38,0.87
603,10,445.71,467.55,108.58,239.71,0.82
604,10,446.83,469.36,114.19,239.64,0.86
605,10,443.96,469.37,122.77,240.88,0.89
606,10,445.97,469.35,125.44,240.66,0.88
607,10,449.90,469.98,124.51,240.53,0.89
608,10,453.96,471.51,127.97,239.13,0.89
609,10,459.32,472.07,131.18,240.56,0.91
610,10,465.83,471.60,126.57,238.44,0.89
611,10,474.20,472.05,116.08,234.96,0.86
612,10,473.83,470.87,111.99,232.30,0.87
613,10,478.31,469.74,104.46,229.99,0.87
614,10,477.74,471.31,102.39,226.47,0.88
615,10,476.08,473.22,101.02,224.52,0.88
616,10,472.66,475.91,102.60,223.16,0.88
617,10,470.69,477.56,101.88,222.03,0.88
618,10,467.87,478.81,101.66,218.32,0.88
619,10,466.13,479.24,99.60,214.97,0.87
620,10,466.12,480.04,97.53,213.12,0.87
621,10,466.11,479.63,96.14,212.49,0.87
622,10,466.10,478.11,96.34,213.66,0.87
623,10,466.09,476.19,97.12,214.81,0.87
624,10,466.08,474.80,96.78,215.95,0.87
625,10,466.07,474.27,96.69,217.07,0.87
626,10,464.73,473.41,96.68,216.86,0.87
627,10,464.23,472.42,96.04,218.78,0.87
628,10,462.04,472.72,96.48,219.52,0.87
629,10,461.90,472.84,96.01,219.80,0.87
630,10,461.19,472.89,96.51,219.91,0.87
631,10,461.60,472.92,96.05,219.30,0.87
632,10,461.77,473.59,95.89,218.41,0.87
633,10,463.17,473.19,95.85,218.74,0.87
634,10,463.70,473.04,95.84,218.87,0.87
635,10,463.91,472.99,95.85,218.92,0.87
636,10,462.00,473.63,96.53,217.62,0.88
637,10,461.28,473.21,96.79,217.14,0.88
638,10,459.69,474.38,96.90,216.30,0.88
639,10,459.10,474.82,96.94,216.66,0.88
640,10,458.24,476.31,97.62,216.80,0.89
641,10,457.92,476.86,97.88,218.19,0.89
642,10,457.16,477.06,98.63,218.72,0.89
643,10,456.24,477.78,100.89,217.60,0.89
644,10,457.21,477.38,101.74,218.50,0.89
645,10,459.56,478.54,102.05,218.84,0.88
646,10,462.45,479.63,100.84,217.64,0.88
647,10,463.55,480.68,101.02,216.53,0.89
648,10,463.30,481.73,102.40,215.45,0.89
649,10,463.19,483.43,105.54,214.39,0.89
650,10,463.14,484.70,107.36,214.00,0.89
651,10,465.07,485.82,107.39,213.87,0.89
652,10,465.81,487.53,108.03,213.84,0.89
653,10,467.38,488.15,107.59,212.51,0.89
654,10,467.97,489.01,107.40,212.03,0.89
655,10,468.17,489.29,107.30,212.53,0.89
656,10,466.91,488.71,107.91,214.05,0.89
657,10,466.42,489.12,108.12,213.98,0.89
658,10,466.22,489.25,108.19,214.61,0.89
659,10,466.14,489.28,108.19,214.20,0.88
660,10,465.44,489.93,108.84,212.06,0.88
661,10,465.17,490.15,109.07,207.94,0.88
662,10,465.07,489.55,109.15,207.07,0.88
663,10,465.03,489.97,109.16,206.11,0.88
664,10,465.67,490.12,107.84,205.11,0.88
665,10,465.91,490.15,107.32,208.76,0.88
666,10,466.00,489.50,107.13,212.77,0.88
667,10,466.03,489.90,107.05,216.27,0.88
668,10,466.70,490.70,106.36,216.94,0.88
669,10,467.61,491.65,106.76,214.54,0.88
670,10,467.95,492.00,106.91,216.25,0.88
671,10,468.73,492.78,106.31,216.89,0.88
672,10,470.34,494.38,106.75,209.87,0.88
673,10,470.27,495.64,108.23,214.51,0.88
674,10,472.20,497.40,104.85,214.90,0.85
675,10,470.92,498.71,107.55,213.72,0.83
676,10,471.75,500.49,109.19,212.60,0.83
677,10,471.40,502.46,111.13,210.86,0.84
678,10,471.25,503.83,115.12,209.54,0.90
679,10,472.48,505.63,114.68,207.06,0.87
680,10,477.54,505.59,111.20,206.82,0.85
681,10,462.18,506.20,127.77,206.08,0.85
682,10,456.74,505.73,133.04,206.49,0.90
683,10,452.61,508.83,135.76,204.68,0.86
684,10,449.74,514.62,137.40,199.37,0.56
700,10,529.62,575.44,126.21,141.72,0.77
702,10,544.53,575.86,130.76,140.64,0.73
708,10,566.56,526.17,148.80,190.29,0.76
709,10,578.22,518.74,144.20,196.39,0.85
710,10,591.01,513.97,141.10,196.16,0.77
712,10,619.33,509.97,134.93,185.75,0.69
714,10,645.22,505.79,134.05,180.16,0.60
