109,1,975.00,504.00,82.00,66.00,0.71
112,2,977.00,503.00,82.00,65.00,0.72
113,2,975.40,503.00,83.60,65.00,0.73
114,2,975.09,503.00,83.91,65.00,0.71
115,2,976.54,503.00,82.46,65.00,0.73
116,2,977.00,504.50,81.24,64.25,0.61
117,2,977.13,503.53,80.88,64.01,0.57
178,3,608.00,294.00,235.00,193.00,0.78
179,3,588.80,294.80,239.00,227.40,0.84
180,3,565.96,323.41,245.13,227.11,0.89
181,3,541.32,366.19,251.05,215.61,0.89
182,3,517.75,407.18,255.75,195.96,0.89
183,3,496.33,439.61,263.54,181.76,0.88
184,3,480.57,470.45,266.81,162.21,0.86
185,3,466.84,501.52,268.45,137.14,0.89
186,3,461.89,535.76,262.78,102.56,0.89
187,3,461.63,556.97,255.02,81.30,0.87
188,3,465.69,569.90,245.90,73.65,0.85
189,3,472.59,583.45,236.37,70.74,0.84
190,3,479.73,593.24,224.71,68.10,0.85
191,3,486.20,601.24,217.12,67.84,0.77
192,3,493.57,606.04,208.36,68.05,0.85
193,3,497.81,606.34,201.95,75.50,0.74
194,3,500.12,607.80,168.20,77.28,0.73
195,3,500.44,610.46,187.03,86.22,0.81
201,3,511.26,643.31,188.63,74.78,0.54
202,3,514.36,647.12,187.69,71.81,0.63
203,3,514.76,651.11,188.70,67.49,0.68
204,3,513.58,657.07,191.70,61.16,0.70
205,3,512.49,661.63,181.66,56.17,0.59
208,2,980.00,507.00,81.00,67.00,0.50
264,2,980.00,504.00,81.00,75.00,0.55
265,2,980.00,503.98,81.00,75.05,0.52
266,2,980.00,503.97,81.00,75.07,0.51
267,2,980.00,503.97,81.00,75.07,0.52
268,2,980.68,503.97,79.64,75.06,0.50
269,2,980.93,503.98,79.13,75.05,0.56
270,2,980.34,503.98,79.64,74.37,0.58
271,2,980.12,503.98,79.83,74.12,0.56
272,2,980.04,503.99,79.91,74.02,0.59
273,2,980.01,503.99,80.61,73.99,0.58
274,2,980.00,503.99,80.87,73.98,0.61
275,2,979.99,503.99,80.97,73.98,0.63
276,2,979.99,504.65,81.01,73.32,0.65
277,2,979.33,504.91,81.02,73.07,0.68
278,2,978.42,505.00,81.02,72.98,0.61
279,2,978.08,505.03,81.02,72.29,0.57
280,2,977.96,505.04,81.02,72.03,0.58
281,2,979.24,505.04,80.36,71.28,0.54
282,2,979.74,505.03,80.10,71.01,0.52
282,4,572.00,476.00,229.00,143.00,0.81
283,2,979.92,505.03,80.01,71.58,0.57
283,4,577.60,440.00,224.20,168.60,0.87
284,2,979.33,505.69,79.32,71.14,0.51
284,4,589.55,398.41,214.73,201.73,0.77
285,4,610.99,353.59,194.90,222.71,0.89
286,4,623.81,308.38,179.26,238.91,0.86
287,4,627.50,288.63,183.26,225.29,0.88
288,4,621.88,281.96,187.49,210.76,0.89
289,4,618.88,281.85,187.82,178.55,0.75
358,5,1035.00,363.00,88.00,99.00,0.75
359,5,1023.80,377.40,98.40,96.60,0.88
360,5,1009.83,398.06,112.22,88.37,0.87
361,5,991.85,426.74,127.30,71.03,0.86
362,5,970.47,458.48,143.53,59.38,0.85
363,5,953.38,479.39,152.15,64.87,0.85
364,5,937.38,495.37,154.44,76.68,0.87
365,5,923.84,508.70,153.50,89.99,0.87
366,5,910.02,517.83,152.01,106.64,0.86
367,5,896.73,534.02,148.46,114.00,0.81
368,5,884.98,546.89,139.50,120.06,0.83
369,5,875.19,556.53,123.60,130.53,0.88
370,5,870.41,572.44,101.30,129.68,0.80
371,5,855.20,579.46,107.90,138.58,0.86
372,5,840.90,588.23,101.05,136.35,0.86
373,5,825.26,596.76,96.36,128.10,0.89
374,5,810.62,607.20,92.00,117.34,0.89
375,5,794.26,623.18,88.48,100.26,0.84
376,5,776.63,640.71,88.76,82.47,0.78
377,5,736.08,661.77,106.70,60.19,0.53
404,6,917.00,519.00,149.00,122.00,0.74
405,6,933.00,517.40,133.00,105.20,0.87
406,6,948.97,516.27,113.83,86.48,0.86
407,6,971.45,498.58,86.18,73.53,0.83
408,6,986.88,478.11,73.36,72.26,0.84
409,6,1001.96,457.16,65.56,68.93,0.82
410,6,1016.99,431.94,59.50,72.90,0.84
411,6,1028.02,406.07,61.74,79.82,0.80
412,6,1037.56,379.95,66.73,87.01,0.65
413,6,1041.12,356.33,74.71,91.72,0.83
414,6,1044.81,344.71,77.63,81.20,0.73
415,6,1052.95,342.13,69.59,66.42,0.56
441,7,1011.00,369.00,268.00,345.00,0.73
442,7,1011.80,372.20,267.20,341.80,0.84
443,7,1012.73,372.82,263.19,341.18,0.80
444,7,1013.03,373.80,257.15,340.98,0.80
445,7,1012.34,373.34,260.77,342.43,0.74
446,7,1011.38,373.16,264.93,345.09,0.58
447,7,1011.75,374.50,262.20,341.06,0.71
448,7,1012.59,374.27,261.21,341.67,0.62
449,7,1014.96,373.49,262.26,341.21,0.63
450,7,1065.99,372.51,212.48,343.08,0.68
451,7,1101.32,371.48,177.62,343.77,0.54
490,8,1008.00,272.00,210.00,248.00,0.91
491,8,982.40,272.00,218.00,280.00,0.91
492,8,927.27,285.33,265.21,291.85,0.81
493,8,697.03,341.04,484.31,338.80,0.56
494,8,733.26,395.32,432.91,211.06,0.69
495,8,776.42,425.21,359.55,150.84,0.70
496,8,802.79,444.77,295.10,163.48,0.76
497,8,809.44,453.51,240.48,173.24,0.70
498,8,813.36,477.88,207.86,212.58,0.58
499,8,809.55,505.17,202.86,208.24,0.80
500,8,800.65,532.78,153.48,159.72,0.67
501,8,792.50,557.62,134.46,128.76,0.71
502,8,785.66,573.47,125.04,115.29,0.70
503,8,776.14,586.15,127.97,106.56,0.62
504,8,767.09,597.88,131.16,102.16,0.65
507,8,752.97,620.73,131.36,96.64,0.58
509,8,735.10,628.94,126.40,89.74,0.60
510,8,720.12,630.07,123.82,87.49,0.57
511,8,700.31,636.54,126.36,81.96,0.54
512,8,681.49,639.82,124.63,77.95,0.58
516,8,610.33,651.31,198.88,66.01,0.66
517,8,589.93,650.73,210.24,66.44,0.70
518,8,568.72,654.79,214.36,62.42,0.65
519,8,546.77,657.45,216.38,58.93,0.64
522,8,487.10,639.04,214.92,77.94,0.59
