57,1,688.00,526.00,248.00,188.00,0.75
58,1,688.80,522.80,259.20,191.20,0.72
59,1,690.47,522.95,267.41,190.28,0.70
60,1,697.14,523.78,264.95,189.97,0.59
127,2,761.00,250.00,344.00,260.00,0.76
128,2,740.20,253.20,350.40,284.80,0.90
129,2,700.97,256.79,364.65,302.90,0.93
130,2,652.61,275.90,373.33,302.80,0.91
131,2,612.01,319.17,369.91,271.25,0.94
132,2,588.43,364.84,354.62,229.12,0.91
133,2,580.85,401.48,331.89,199.50,0.94
134,2,580.11,432.87,309.04,171.84,0.92
135,2,584.17,457.96,285.08,148.75,0.91
136,2,588.91,475.71,265.26,128.72,0.91
137,2,594.91,485.95,244.88,111.93,0.89
138,2,594.68,482.49,230.88,106.29,0.88
139,2,589.25,482.64,222.66,92.32,0.73
140,2,579.22,452.53,219.11,107.46,0.83
141,2,562.78,430.18,221.93,118.12,0.84
142,2,547.06,412.51,223.25,129.71,0.80
143,2,537.01,402.02,219.32,140.71,0.85
144,2,533.15,398.75,212.77,148.26,0.82
145,2,537.71,402.80,203.19,151.91,0.75
146,2,548.78,413.64,182.13,153.99,0.71
147,2,568.22,431.61,205.07,151.54,0.62
148,2,582.71,445.27,202.83,156.49,0.65
149,2,595.93,462.03,205.61,153.15,0.72
151,2,604.47,493.11,227.95,146.10,0.50
170,2,638.17,543.28,124.10,168.79,0.57
171,2,639.15,543.36,124.07,171.30,0.54
172,2,661.39,557.62,97.96,156.64,0.63
173,2,669.62,563.10,86.42,150.72,0.60
178,2,670.49,557.07,89.54,157.34,0.55
179,2,670.79,556.71,89.85,157.34,0.55
185,3,691.00,572.00,30.00,34.00,0.72
186,3,691.00,572.00,30.00,34.00,0.71
187,3,691.00,572.00,30.00,34.00,0.65
188,3,691.00,572.00,30.00,34.00,0.63
189,3,691.00,572.75,30.00,33.25,0.63
190,3,691.00,572.99,30.00,33.01,0.65
191,3,691.00,574.49,30.71,32.93,0.66
192,3,691.00,575.00,30.95,32.92,0.68
193,3,691.00,574.47,31.04,32.24,0.68
194,3,691.00,574.25,31.06,32.00,0.69
195,3,690.33,574.16,30.39,31.92,0.66
196,3,690.08,573.44,30.14,32.58,0.64
197,3,689.99,572.50,30.04,33.49,0.58
198,3,691.30,572.15,29.34,33.84,0.61
199,3,691.12,572.02,29.75,33.97,0.62
200,3,690.39,571.97,29.90,34.01,0.60
201,3,690.11,571.96,29.96,34.03,0.59
202,3,690.01,572.62,29.98,33.37,0.56
203,3,689.98,572.87,29.99,33.12,0.61
204,3,689.97,574.30,30.00,33.03,0.62
205,3,691.29,575.49,29.34,32.33,0.61
206,3,691.12,575.93,29.75,32.07,0.65
207,3,692.38,576.08,29.91,31.98,0.68
208,3,692.86,576.13,29.31,31.95,0.71
209,3,693.03,576.13,30.41,31.94,0.68
210,3,694.39,576.12,30.82,31.94,0.65
211,3,694.91,576.11,31.63,32.61,0.57
263,4,622.00,549.00,128.00,164.00,0.78
264,4,624.40,549.00,128.00,164.80,0.76
265,4,624.86,549.77,129.54,164.18,0.62
273,4,669.49,641.90,78.65,73.10,0.52
274,4,670.68,648.34,73.85,67.59,0.64
275,4,672.76,652.40,72.58,62.86,0.65
276,4,673.98,653.75,72.38,60.52,0.68
277,4,674.93,656.07,72.51,58.67,0.62
278,4,675.81,657.26,72.71,58.39,0.66
279,4,676.70,657.46,72.90,57.76,0.58
280,4,678.28,658.06,71.01,57.71,0.63
281,4,680.81,660.24,68.35,56.43,0.55
282,4,682.30,661.57,66.11,55.40,0.55
283,4,683.42,661.92,64.72,55.14,0.58
284,4,683.06,662.65,64.30,53.76,0.63
285,4,682.85,662.12,64.23,54.04,0.65
286,4,682.04,659.84,62.91,55.55,0.58
287,4,681.00,658.31,61.82,56.81,0.66
288,4,679.91,657.03,61.48,58.64,0.68
289,4,680.15,654.56,62.09,60.01,0.66
290,4,680.23,653.61,61.68,59.89,0.69
291,4,680.23,653.23,63.59,59.86,0.71
292,4,678.90,652.43,64.96,59.86,0.70
293,4,677.73,651.46,65.51,61.19,0.71
294,4,677.93,650.45,66.39,62.35,0.73
295,4,677.35,650.07,68.70,63.45,0.74
296,4,677.78,649.28,68.93,64.52,0.74
297,4,677.94,648.99,70.32,64.92,0.72
298,4,679.96,647.58,69.54,65.72,0.73
299,4,680.07,647.05,67.91,65.36,0.70
300,4,681.44,646.21,65.96,62.58,0.65
301,4,681.93,645.91,65.24,62.17,0.62
302,4,682.77,646.48,65.64,63.35,0.63
303,4,682.41,646.05,68.45,65.11,0.59
304,4,682.91,645.24,68.85,66.43,0.54
305,4,682.44,643.64,70.32,67.57,0.61
306,4,683.55,642.39,69.56,68.66,0.56
307,4,683.97,641.93,70.57,69.05,0.59
308,4,684.12,641.12,70.95,70.50,0.56
318,4,684.16,634.12,76.81,76.80,0.52
319,4,684.10,635.87,77.74,77.07,0.54
320,4,682.78,635.18,78.06,77.16,0.52
321,4,683.57,634.93,76.86,77.18,0.52
322,4,684.54,635.50,77.04,78.49,0.64
324,4,685.00,632.71,75.51,81.30,0.72
325,4,685.10,630.80,75.79,83.18,0.54
374,4,711.98,620.00,64.01,62.02,0.52
375,4,712.16,623.05,63.93,59.56,0.59
378,4,710.42,640.10,73.66,62.57,0.52
380,4,716.51,651.70,68.77,53.34,0.52
381,4,722.20,655.18,62.35,49.75,0.50
382,4,717.70,654.75,66.59,55.85,0.57
383,4,716.26,653.38,67.29,59.09,0.55
384,4,691.03,650.08,90.89,65.61,0.68
385,4,679.92,646.24,99.07,70.00,0.69
386,4,668.89,644.62,105.70,71.10,0.61
387,4,665.03,644.55,103.39,70.84,0.56
393,4,604.06,615.03,127.13,99.75,0.55
394,4,594.95,615.61,128.23,99.55,0.76
395,4,589.01,620.41,120.90,94.88,0.66
396,4,580.39,621.75,117.27,94.21,0.76
397,4,574.08,625.52,112.59,90.68,0.79
398,4,563.29,626.35,112.16,90.57,0.84
399,4,556.88,629.29,110.68,86.57,0.78
400,4,553.41,635.11,100.14,80.31,0.76
401,4,553.95,644.10,96.14,72.49,0.76
402,4,574.22,649.42,72.86,66.20,0.56
403,4,555.35,655.40,96.15,60.56,0.77
404,4,548.95,660.17,101.06,56.60,0.70
447,5,576.00,624.00,62.00,91.00,0.78
448,5,572.00,620.80,62.80,93.40,0.75
451,5,528.48,587.91,128.27,125.15,0.79
454,5,520.68,556.35,107.49,127.93,0.57
463,5,556.90,481.52,91.41,113.46,0.71
464,5,558.85,473.19,93.77,115.01,0.71
465,5,560.82,464.43,95.73,116.09,0.71
466,5,560.16,456.81,99.13,118.51,0.71
467,5,557.89,452.26,103.71,117.45,0.66
468,5,556.98,449.57,106.10,115.06,0.58
469,5,558.55,443.54,106.34,116.86,0.65
470,5,561.74,440.21,107.06,118.19,0.86
471,5,564.24,437.22,108.61,120.02,0.88
472,5,565.81,436.98,111.13,118.74,0.88
473,5,565.07,437.16,115.32,117.58,0.86
474,5,564.75,436.77,119.47,119.14,0.85
475,5,565.88,438.09,124.26,119.73,0.85
476,5,566.29,440.73,129.92,118.63,0.88
477,5,567.06,441.23,133.99,119.53,0.87
478,5,566.70,439.53,136.80,118.55,0.89
479,5,565.88,439.66,139.10,116.85,0.89
480,5,565.54,439.15,140.56,114.88,0.89
481,5,564.73,439.04,142.33,114.15,0.88
482,5,564.41,439.08,142.94,113.90,0.86
483,5,564.91,439.16,143.74,113.82,0.87
484,5,565.09,440.57,144.62,113.15,0.87
485,5,565.15,441.83,144.88,112.91,0.87
486,5,567.12,442.33,144.26,112.17,0.87
487,5,569.83,441.89,144.61,113.90,0.87
488,5,571.50,440.43,144.69,113.90,0.87
489,5,572.76,439.90,144.01,113.91,0.85
490,5,573.21,439.73,144.36,113.92,0.87
491,5,574.01,439.03,144.46,114.59,0.88
492,5,574.94,438.79,144.46,114.85,0.88
493,5,575.26,438.72,144.42,114.94,0.88
494,5,576.67,438.72,143.06,114.32,0.88
495,5,577.17,438.74,142.52,114.09,0.89
496,5,577.33,439.43,142.30,113.34,0.89
497,5,576.70,439.70,142.86,113.06,0.89
498,5,576.44,439.16,144.38,113.62,0.89
499,5,578.29,438.30,143.63,115.16,0.89
500,5,579.63,437.33,143.32,117.06,0.91
501,5,579.46,437.63,142.54,117.12,0.90
502,5,579.36,437.76,142.23,117.13,0.90
503,5,580.63,437.16,141.45,117.78,0.90
504,5,581.08,436.29,140.49,119.34,0.91
505,5,583.22,435.31,137.47,121.23,0.90
506,5,585.33,434.96,134.34,122.58,0.90
507,5,588.10,434.18,130.51,125.05,0.87
508,5,590.43,434.55,127.11,123.35,0.80
509,5,591.23,435.38,125.23,122.00,0.83
510,5,590.80,435.70,124.60,124.11,0.60
511,5,588.59,435.17,122.41,124.23,0.79
512,5,585.70,436.30,120.99,124.92,0.64
513,5,580.59,436.73,118.50,124.50,0.70
514,5,575.32,436.90,113.61,124.32,0.68
515,5,567.27,436.96,111.88,125.55,0.76
516,5,561.04,438.30,107.27,126.01,0.72
517,5,555.44,438.81,129.61,224.15,0.55
518,5,549.71,438.45,113.98,170.63,0.72
519,5,548.22,439.54,100.72,134.45,0.70
520,5,547.17,441.33,94.64,120.81,0.72
528,5,567.10,500.19,71.75,120.14,0.59
529,5,565.57,511.58,69.24,115.74,0.59
530,5,556.78,523.38,81.15,163.18,0.69
531,5,550.05,532.47,87.58,172.79,0.69
532,5,546.08,539.84,92.10,170.66,0.69
536,5,549.59,554.24,93.08,101.23,0.51
537,5,539.40,526.33,110.84,123.33,0.61
538,5,552.81,547.60,101.06,134.19,0.54
539,5,549.52,567.57,101.93,107.96,0.72
544,5,561.65,630.91,89.35,82.47,0.51
583,6,487.00,284.00,125.00,117.00,0.73
584,6,486.20,284.00,142.60,145.80,0.82
585,6,490.48,281.85,155.44,180.31,0.85
586,6,497.17,279.66,164.61,225.38,0.90
587,6,506.54,278.78,167.57,264.91,0.87
588,6,513.24,283.97,175.88,312.36,0.90
589,6,522.22,308.98,188.09,333.27,0.89
590,6,534.59,343.44,199.70,321.99,0.92
591,6,547.60,387.47,211.72,313.87,0.92
592,6,560.18,438.82,220.69,282.74,0.82
593,6,580.23,488.98,222.05,238.00,0.83
594,6,605.96,535.81,217.05,190.88,0.67
657,7,439.00,479.00,535.00,232.00,0.79
658,7,485.40,478.20,494.20,234.40,0.76
659,7,504.05,480.35,479.03,230.25,0.66
679,7,513.18,491.98,471.00,219.02,0.56
680,7,511.08,487.22,472.38,224.50,0.71
