103,1,327.00,584.00,124.00,108.00,0.80
104,1,327.00,572.00,124.00,110.40,0.81
105,1,286.92,532.97,166.39,136.11,0.77
106,1,310.78,532.93,147.29,121.79,0.86
107,1,329.84,528.58,133.98,112.84,0.87
108,1,339.99,519.70,127.01,108.40,0.88
109,1,346.05,510.04,125.45,104.83,0.89
110,1,350.04,500.13,124.95,104.42,0.87
111,1,354.73,488.05,124.11,106.45,0.84
112,1,357.60,478.67,123.84,107.22,0.85
113,1,359.14,469.58,123.08,108.89,0.88
114,1,358.85,465.27,123.51,106.86,0.84
115,1,354.58,461.45,123.02,104.08,0.77
341,2,766.00,516.00,203.00,182.00,0.75
563,3,872.00,214.00,146.00,126.00,0.71
564,3,911.20,238.00,138.00,138.80,0.72
565,3,838.07,240.99,266.69,195.69,0.87
566,3,834.76,250.91,299.61,237.80,0.88
567,3,854.77,294.07,310.14,236.72,0.85
568,3,873.20,356.17,300.94,199.31,0.83
569,3,885.23,409.58,277.95,162.51,0.68
570,3,889.89,441.39,272.93,139.58,0.53
571,3,881.61,464.13,273.18,117.93,0.79
572,3,867.71,462.58,270.88,125.38,0.70
573,3,852.84,459.03,281.19,130.97,0.72
574,3,834.53,440.62,276.27,149.35,0.62
575,3,812.69,457.51,268.61,131.70,0.75
576,3,789.56,473.40,258.89,122.30,0.77
577,3,760.68,493.10,242.56,116.24,0.83
578,3,727.46,517.54,222.87,108.62,0.51
582,3,588.05,529.98,158.47,140.52,0.70
583,3,566.36,529.89,138.21,145.48,0.85
584,3,555.64,530.06,125.18,143.55,0.89
585,3,547.55,533.65,118.74,133.52,0.85
586,3,541.53,539.99,115.71,119.37,0.73
587,3,541.07,550.21,112.24,102.94,0.74
588,3,543.08,564.79,112.17,87.06,0.81
589,3,548.38,582.42,111.69,69.33,0.74
590,3,556.88,598.91,109.69,56.23,0.73
591,3,567.14,615.50,105.75,48.22,0.73
592,3,574.50,630.33,105.26,38.60,0.56
673,4,840.00,207.00,255.00,201.00,0.79
674,4,864.00,210.20,252.60,237.00,0.88
675,4,891.06,234.86,236.67,270.57,0.91
676,4,910.38,284.50,208.91,282.75,0.89
677,4,884.69,351.97,200.31,263.10,0.91
678,4,833.93,416.18,206.14,229.95,0.85
679,4,765.32,479.80,217.54,180.40,0.75
680,4,695.44,531.27,205.15,115.39,0.67
681,4,626.90,560.49,200.06,81.33,0.66
682,4,571.36,560.65,196.42,71.96,0.87
683,4,526.64,560.76,178.08,62.86,0.84
684,4,494.44,557.85,160.38,55.24,0.72
685,4,476.06,558.08,145.44,50.99,0.81
686,4,473.04,562.58,136.67,48.00,0.81
687,4,479.41,570.46,125.60,48.36,0.76
688,4,489.91,579.19,121.06,47.88,0.63
689,4,502.70,586.05,116.36,49.43,0.58
690,4,515.63,591.61,115.21,52.14,0.73
691,4,530.18,598.11,111.59,55.20,0.68
695,4,565.57,630.00,78.67,57.47,0.56
806,5,524.00,66.00,181.00,174.00,0.73
807,5,524.00,66.00,181.00,174.00,0.79
808,5,524.00,66.00,181.00,174.00,0.79
809,5,525.56,66.00,181.00,174.00,0.80
810,5,526.04,66.00,181.00,174.00,0.78
811,5,526.17,66.00,181.00,174.00,0.73
812,5,526.19,66.00,181.00,174.00,0.72
813,5,526.17,66.69,181.00,174.69,0.69
814,5,525.46,66.94,180.32,174.94,0.63
815,5,526.55,66.35,179.39,176.38,0.56
833,5,521.08,68.02,181.97,167.09,0.56
876,6,1.00,292.00,465.00,421.00,0.85
877,6,27.40,362.40,578.60,352.20,0.78
878,6,67.95,428.82,551.66,286.11,0.69
879,6,127.95,491.87,480.11,223.14,0.85
880,6,188.45,531.13,395.66,183.00,0.85
881,6,234.65,548.28,326.01,168.28,0.83
882,6,265.50,557.62,289.92,157.82,0.82
883,6,292.10,559.47,264.10,156.44,0.80
884,6,316.13,558.58,250.10,157.45,0.82
885,6,338.22,555.50,252.31,158.40,0.85
886,6,360.75,549.70,252.24,164.19,0.84
887,6,379.76,544.02,253.28,171.25,0.79
888,6,392.12,537.71,289.38,174.69,0.70
889,6,404.40,531.81,305.26,178.87,0.57
890,6,414.62,530.16,321.70,181.88,0.55
891,6,423.65,528.12,293.75,183.78,0.78
892,6,430.27,527.28,289.56,183.27,0.75
893,6,434.84,526.23,293.59,185.14,0.67
894,6,436.67,525.80,327.05,185.23,0.54
895,6,438.60,525.59,313.74,185.98,0.75
896,6,438.23,527.46,305.58,185.65,0.77
897,6,436.89,528.80,300.59,184.24,0.76
903,6,366.47,522.70,393.14,192.33,0.75
904,6,341.99,513.98,432.86,200.49,0.81
905,6,307.42,504.52,489.48,209.77,0.86
906,6,267.30,493.86,552.43,221.00,0.87
907,6,223.54,479.55,613.96,234.24,0.87
908,6,173.29,453.71,671.40,259.02,0.76
909,6,149.56,412.55,678.99,302.24,0.71
910,6,84.42,351.94,705.56,358.23,0.85
911,6,32.63,282.12,700.03,393.33,0.87
912,6,5.28,203.22,655.50,417.77,0.90
913,6,-1.36,124.56,609.13,431.25,0.91
914,6,-4.36,48.62,579.56,444.42,0.85
915,6,-6.14,11.19,519.47,428.68,0.78
916,6,-6.41,-3.42,408.63,391.32,0.73
952,7,526.00,73.00,182.00,165.00,0.81
992,8,334.00,327.00,97.00,81.00,0.74
993,8,286.80,323.00,158.60,101.00,0.68
994,8,272.56,339.46,184.34,103.15,0.88
995,8,270.04,374.24,201.39,90.63,0.89
996,8,279.87,422.75,203.92,69.09,0.80
997,8,296.81,459.63,196.22,66.68,0.88
998,8,314.99,487.34,179.11,67.57,0.85
999,8,331.45,507.96,163.22,64.40,0.84
1000,8,347.61,529.07,153.92,50.52,0.75
1001,8,343.80,536.73,168.93,52.73,0.76
1001,9,909.00,203.00,85.00,99.00,0.77
1002,8,341.91,537.32,184.49,64.54,0.79
1002,9,909.00,231.00,84.20,103.00,0.72
1003,8,339.72,536.85,200.75,77.28,0.69
1003,9,910.55,256.87,84.05,101.48,0.77
1004,8,416.73,561.12,144.95,61.31,0.64
1004,9,917.30,282.16,81.65,103.29,0.76
1005,8,473.11,574.80,104.68,61.55,0.68
1005,9,946.79,313.14,80.92,100.92,0.75
1006,8,515.17,584.00,79.98,66.34,0.64
1007,8,549.96,591.06,63.52,75.86,0.56
1008,8,579.99,603.67,51.15,79.48,0.59
1008,9,861.55,277.76,237.33,234.34,0.91
1009,8,600.22,619.02,44.08,76.48,0.77
1009,9,857.14,310.09,255.32,242.79,0.90
1010,9,848.90,367.55,264.14,228.56,0.89
1011,9,827.91,434.91,264.36,193.68,0.86
1012,9,796.80,492.17,260.38,162.32,0.83
1013,9,753.95,539.69,257.17,129.77,0.86
1014,9,706.86,575.20,250.71,100.34,0.88
1015,9,660.34,593.11,232.04,88.79,0.84
1016,9,611.04,598.40,205.69,92.64,0.86
1017,9,563.91,576.38,190.80,124.33,0.69
1018,9,523.21,555.07,166.62,152.90,0.83
1019,9,492.87,542.24,132.95,170.69,0.86
1020,9,470.50,542.84,93.59,176.34,0.87
1021,9,457.89,544.16,65.79,176.97,0.86
1022,9,444.43,550.86,60.79,171.75,0.85
1023,9,430.49,568.82,66.12,154.43,0.84
1024,9,420.76,585.13,67.48,137.57,0.85
1025,9,411.33,588.92,68.97,133.66,0.82
1026,9,405.24,608.92,69.63,111.38,0.82
1027,9,400.96,623.27,69.29,95.23,0.86
1028,9,397.26,634.86,69.93,84.08,0.82
1029,9,395.66,646.93,66.17,71.84,0.79
1030,9,395.04,653.86,62.10,64.49,0.83
1031,9,394.60,658.45,59.34,58.84,0.75
1032,9,394.79,658.60,57.77,58.22,0.77
1033,9,393.74,657.74,59.38,59.62,0.82
1034,9,392.17,660.08,59.98,58.11,0.81
1035,9,391.80,661.34,60.27,56.37,0.83
1036,9,395.88,668.58,56.40,48.22,0.72
1037,9,395.63,670.79,55.01,47.81,0.72
1038,9,398.38,677.07,49.11,41.35,0.58
1039,9,396.07,675.93,43.51,40.87,0.58
1183,10,331.00,619.00,43.00,75.00,0.70
1184,10,336.60,621.40,42.20,70.20,0.76
1185,10,343.89,628.17,42.82,62.96,0.72
1186,10,356.36,633.56,41.48,59.08,0.79
1187,10,369.94,633.97,40.27,59.06,0.76
1188,10,386.39,635.46,41.39,59.91,0.77
1189,10,402.73,635.83,43.17,63.14,0.80
1190,10,419.71,640.00,44.50,62.92,0.81
1191,10,437.59,643.49,44.98,64.24,0.79
1192,10,453.10,646.02,45.81,66.07,0.75
1193,10,469.01,650.19,45.44,63.43,0.78
1194,10,484.40,655.70,44.61,59.69,0.69
1195,10,499.59,661.70,44.28,54.21,0.51
