97,1,176.00,349.00,152.00,116.00,0.74
98,1,169.60,349.80,156.80,139.20,0.78
99,1,159.22,349.22,187.47,181.12,0.87
100,1,158.35,350.30,210.95,229.38,0.88
101,1,159.04,377.87,227.38,245.92,0.90
102,1,159.52,424.11,236.20,245.42,0.88
103,1,159.19,481.51,232.20,229.91,0.91
104,1,155.85,538.59,216.35,186.97,0.82
105,1,149.23,596.41,174.01,131.19,0.83
106,1,134.51,632.52,123.28,92.57,0.73
212,2,503.00,617.00,43.00,86.00,0.70
213,2,503.00,617.00,43.80,87.60,0.68
214,2,502.23,617.77,44.72,85.61,0.64
215,2,501.97,618.03,45.03,80.22,0.59
216,2,501.91,618.85,45.11,77.12,0.59
217,2,501.91,619.08,45.11,76.33,0.62
218,2,503.32,618.41,45.10,81.97,0.65
219,2,503.14,618.19,44.39,84.57,0.62
220,2,503.07,618.09,44.13,85.56,0.65
221,2,504.40,618.05,44.03,85.93,0.66
222,2,504.89,618.03,44.00,86.06,0.61
223,2,504.38,618.02,44.66,84.77,0.53
227,2,505.02,618.03,44.97,84.98,0.56
228,2,505.06,618.02,45.00,84.31,0.51
229,2,505.08,616.68,45.01,83.42,0.51
230,2,505.08,616.19,44.35,82.42,0.60
232,2,505.07,615.16,44.06,83.61,0.53
233,2,505.05,615.61,44.69,82.58,0.53
234,2,506.36,614.45,44.25,84.20,0.55
235,2,506.86,612.71,44.08,84.14,0.55
236,2,507.03,612.73,44.02,85.43,0.56
237,2,507.75,612.75,43.33,83.28,0.54
238,2,508.68,612.78,41.75,81.11,0.61
239,2,508.34,610.80,42.50,80.30,0.64
240,2,508.21,610.75,42.78,78.01,0.68
241,2,508.81,610.76,42.23,77.16,0.70
242,2,509.03,610.11,42.03,76.20,0.70
243,2,510.43,609.22,41.96,75.87,0.68
244,2,510.94,609.57,41.94,75.10,0.69
245,2,511.12,609.72,41.93,74.84,0.70
246,2,511.17,609.13,41.27,76.10,0.67
247,2,511.17,608.92,41.03,76.58,0.67
248,2,509.83,610.18,41.61,77.44,0.68
249,2,509.98,610.00,40.52,79.74,0.67
250,2,509.37,611.25,40.10,77.35,0.74
251,2,507.80,612.41,39.96,75.74,0.72
252,2,507.22,614.17,39.91,76.49,0.71
253,2,507.01,615.48,39.90,79.41,0.68
254,2,504.94,616.61,40.57,80.51,0.64
255,2,504.84,618.34,40.17,81.58,0.65
256,2,502.83,620.29,40.02,79.36,0.59
259,2,500.16,624.64,39.14,77.38,0.61
260,2,498.45,626.58,39.02,74.29,0.69
261,2,497.88,627.89,38.31,75.28,0.71
262,2,496.36,629.01,37.39,74.98,0.74
263,2,495.16,630.71,37.72,76.88,0.76
264,2,493.42,632.62,37.85,78.90,0.72
265,2,490.81,633.31,38.57,78.37,0.60
267,2,488.09,632.83,37.34,75.77,0.54
268,2,486.27,633.25,37.07,75.15,0.53
270,2,483.91,634.19,36.98,75.75,0.51
271,2,482.86,634.28,37.67,76.63,0.55
272,2,482.50,632.98,37.92,76.94,0.57
273,2,483.08,632.47,37.35,75.73,0.61
274,2,483.35,632.92,37.13,73.93,0.56
275,2,484.15,633.74,39.03,71.92,0.56
276,2,485.11,632.69,41.03,73.19,0.60
277,2,485.50,630.98,41.16,73.01,0.57
278,2,485.68,630.32,41.84,72.94,0.55
286,3,85.00,350.00,264.00,85.00,0.81
287,3,93.80,370.80,254.40,92.20,0.76
288,3,111.11,391.21,244.73,126.57,0.86
288,2,484.96,627.05,38.14,78.81,0.53
289,3,137.42,407.76,224.07,166.87,0.85
290,3,167.29,419.60,180.45,201.81,0.65
291,3,192.08,432.76,139.09,225.64,0.85
292,3,201.26,450.73,116.92,234.51,0.87
293,3,209.01,472.78,102.60,231.48,0.87
294,3,214.12,494.09,85.75,225.14,0.88
295,3,224.29,514.32,68.33,213.29,0.78
296,3,228.27,533.43,59.99,195.87,0.85
297,3,233.74,552.09,53.84,176.77,0.83
298,3,237.09,562.37,52.23,164.69,0.86
299,3,238.57,572.90,52.04,153.77,0.84
300,3,239.55,580.79,54.47,143.96,0.84
301,3,240.47,589.11,56.06,133.31,0.86
302,3,235.78,600.44,64.42,119.60,0.87
303,3,223.17,615.76,63.34,80.40,0.82
304,3,212.53,632.18,61.73,57.97,0.76
305,3,208.60,639.16,59.88,50.25,0.69
306,3,210.61,641.11,57.26,47.30,0.77
307,3,215.49,639.72,57.10,49.21,0.74
308,3,224.66,634.89,55.75,50.55,0.64
327,3,236.95,626.20,45.07,53.96,0.56
328,3,237.14,625.90,44.90,52.79,0.64
329,3,236.53,626.46,46.20,53.01,0.61
330,3,236.97,627.34,47.35,51.77,0.51
339,4,313.00,352.00,73.00,62.00,0.75
340,4,307.40,350.40,88.20,75.60,0.74
341,4,302.05,349.39,103.25,88.87,0.77
342,4,288.89,349.68,124.35,100.97,0.72
343,4,274.72,347.84,144.07,110.79,0.86
344,4,267.13,348.40,158.14,115.02,0.83
345,4,264.89,348.66,162.89,116.28,0.83
346,4,264.99,347.48,162.91,115.10,0.84
347,4,267.93,347.03,159.77,107.11,0.76
348,4,270.69,348.22,156.06,96.18,0.58
349,4,268.74,348.70,166.58,91.14,0.82
350,4,261.72,348.19,181.22,82.43,0.73
351,4,257.14,354.35,180.67,70.03,0.61
352,4,255.47,360.92,179.26,66.46,0.76
353,4,254.35,364.36,180.31,71.13,0.83
354,4,253.41,372.24,166.30,67.95,0.82
355,4,253.96,371.63,180.95,66.13,0.75
356,4,255.40,365.07,187.46,69.00,0.79
357,4,259.95,355.38,186.02,79.39,0.82
358,4,269.05,350.59,176.71,82.53,0.76
359,4,278.70,349.28,164.16,81.22,0.72
361,4,304.53,348.75,126.49,67.26,0.50
363,4,327.74,350.31,105.15,60.24,0.52
365,4,312.33,349.71,131.50,76.22,0.75
366,4,310.01,348.91,142.34,88.12,0.81
367,4,307.81,348.00,155.48,98.46,0.84
368,4,313.81,354.36,162.51,101.49,0.77
369,4,322.00,375.87,165.78,86.96,0.65
371,4,345.72,420.48,162.84,64.88,0.70
372,4,361.83,437.57,164.75,65.97,0.77
373,4,377.18,447.07,164.74,75.05,0.77
374,4,395.90,453.65,160.81,88.49,0.84
375,4,416.66,456.76,154.68,106.75,0.88
376,4,439.50,462.77,143.03,120.23,0.89
377,4,465.96,466.90,125.04,134.41,0.90
378,4,492.49,471.49,100.24,145.10,0.87
379,4,514.63,478.09,75.64,151.27,0.88
380,4,529.35,488.04,57.85,151.18,0.84
381,4,540.87,500.68,49.30,144.60,0.84
382,4,546.07,514.47,51.98,133.33,0.81
382,5,299.00,447.00,71.00,79.00,0.75
383,4,544.71,526.75,62.69,122.76,0.78
383,5,320.60,458.20,67.80,75.80,0.79
384,4,551.10,536.35,62.68,113.30,0.86
384,5,345.16,470.54,62.48,77.52,0.59
385,4,554.30,546.29,67.01,102.26,0.87
386,4,557.28,554.26,71.24,91.97,0.83
387,4,559.49,560.80,76.78,81.35,0.83
388,4,560.81,566.10,84.04,70.65,0.81
389,4,561.19,569.49,92.55,67.42,0.81
390,4,563.71,572.48,98.41,65.85,0.81
391,4,569.57,573.91,100.12,66.23,0.76
392,4,576.18,575.58,100.74,67.18,0.81
393,4,586.95,579.40,96.42,65.58,0.80
394,4,598.14,582.61,92.00,65.13,0.74
395,4,610.10,586.31,88.95,65.06,0.83
396,4,622.97,591.54,85.12,61.72,0.84
397,4,634.85,598.74,85.69,61.28,0.76
