185,1,975.00,272.00,220.00,178.00,0.75
186,1,989.40,300.00,199.20,211.60,0.78
187,1,1006.58,324.74,174.39,241.72,0.91
188,1,1011.64,364.54,164.56,254.06,0.91
189,1,1013.33,402.21,163.46,287.09,0.78
190,1,1013.58,433.93,146.22,281.92,0.77
191,1,1010.92,460.45,139.81,267.51,0.85
192,1,1001.14,492.15,139.75,238.65,0.88
193,1,993.70,517.49,142.88,211.75,0.85
194,1,990.50,531.77,140.71,194.34,0.86
195,1,990.16,541.69,130.49,181.46,0.82
196,1,993.73,558.82,115.79,161.63,0.87
197,1,1000.90,570.40,105.33,149.43,0.80
198,1,1009.80,578.22,97.21,140.12,0.58
206,2,1027.00,612.00,78.00,104.00,0.78
207,2,1028.60,615.20,77.20,101.60,0.78
208,2,1031.23,616.60,75.50,98.80,0.77
209,2,1034.46,619.43,74.94,96.31,0.67
211,2,1036.28,628.09,74.03,88.80,0.59
212,2,1037.14,629.34,73.27,87.84,0.62
213,2,1039.48,625.42,72.32,91.13,0.71
214,2,1042.34,620.62,71.99,95.01,0.71
215,2,1043.98,617.48,71.21,99.13,0.79
216,2,1044.51,613.67,72.30,101.99,0.81
217,2,1045.32,611.57,72.04,104.36,0.82
218,2,1045.56,609.50,73.29,106.54,0.85
219,2,1046.93,607.44,72.43,108.63,0.85
220,2,1047.39,606.04,72.11,109.39,0.85
221,2,1048.18,604.89,71.99,110.28,0.84
222,2,1047.77,604.51,72.62,110.56,0.84
223,2,1048.90,604.41,72.85,110.62,0.81
224,2,1049.95,605.07,72.95,109.94,0.78
225,2,1050.31,605.37,72.98,109.64,0.75
226,2,1049.75,605.51,73.66,109.49,0.68
227,2,1049.50,605.60,73.91,109.40,0.66
228,2,1049.38,606.32,72.68,109.35,0.57
231,2,1045.92,610.98,75.48,104.07,0.53
232,2,1044.63,612.50,75.93,102.45,0.69
233,2,1043.51,615.01,76.74,100.58,0.79
234,2,1041.79,617.26,76.38,97.90,0.74
235,2,1038.51,621.43,78.20,94.25,0.69
236,2,1035.98,624.95,79.53,90.24,0.77
237,2,1033.73,628.91,76.76,86.80,0.70
237,3,330.00,28.00,195.00,411.00,0.71
238,2,1030.91,632.31,74.33,80.84,0.70
239,2,1027.89,636.91,74.08,76.02,0.66
239,4,359.00,259.00,166.00,362.00,0.73
240,2,1025.50,639.81,73.33,73.06,0.63
240,4,381.40,333.40,164.40,361.20,0.84
241,2,1023.99,640.71,73.05,71.46,0.57
241,4,414.34,405.60,157.91,303.97,0.82
247,5,643.00,475.00,65.00,82.00,0.71
248,5,644.60,475.80,72.20,82.00,0.79
249,5,651.60,478.27,65.35,81.23,0.72
252,5,665.55,492.29,77.15,70.66,0.68
253,5,682.86,499.05,66.96,53.34,0.57
254,5,690.32,503.05,65.15,54.42,0.67
255,5,698.88,511.44,61.76,49.39,0.62
256,5,703.02,521.40,51.47,46.54,0.55
258,5,706.51,539.59,49.12,53.08,0.55
296,6,995.00,611.00,75.00,104.00,0.71
297,6,1008.60,596.60,74.20,117.60,0.73
298,6,1023.60,585.79,74.05,127.52,0.85
299,6,1041.06,575.20,72.43,138.51,0.84
300,6,1054.33,568.16,70.42,145.02,0.85
301,6,1063.82,565.89,69.08,147.09,0.86
302,6,1069.25,566.09,69.42,146.84,0.87
303,6,1069.27,568.47,69.58,145.11,0.84
304,6,1065.38,568.94,72.42,145.58,0.85
305,6,1060.42,567.26,74.80,146.94,0.85
306,6,1051.03,565.42,79.68,149.98,0.86
307,6,1039.60,560.24,85.39,155.61,0.85
308,6,1026.13,554.45,88.23,161.57,0.78
309,6,1011.71,548.44,110.52,166.35,0.87
310,6,1000.36,538.47,127.81,167.45,0.90
311,6,990.09,527.56,143.00,165.78,0.91
312,6,980.35,518.93,154.17,149.93,0.89
313,6,970.84,505.70,166.66,136.69,0.90
314,6,963.95,497.75,175.95,115.99,0.85
315,6,963.68,493.24,174.67,90.56,0.86
316,6,971.34,477.04,160.57,92.42,0.84
317,6,986.49,444.20,138.11,118.28,0.84
318,6,1004.85,412.39,108.61,144.69,0.90
319,6,1019.68,383.63,83.83,169.67,0.86
320,6,1028.94,360.93,76.81,187.48,0.87
321,6,1032.20,345.13,79.39,196.72,0.87
322,6,1034.57,330.50,82.35,205.27,0.88
323,6,1033.90,315.09,89.68,216.01,0.84
324,6,1028.31,297.48,108.18,231.34,0.89
325,6,1023.77,279.00,123.75,242.30,0.89
326,6,1022.43,260.76,134.50,252.75,0.89
327,6,1023.69,247.64,136.41,252.35,0.90
328,6,1029.23,239.22,130.04,244.81,0.87
329,6,1038.60,239.22,115.52,225.92,0.81
330,6,1042.85,236.15,106.93,207.49,0.55
332,6,1070.84,258.21,70.68,137.26,0.51
334,6,1054.55,246.96,61.69,83.70,0.52
390,7,428.00,1.00,223.00,175.00,0.76
391,7,368.00,1.80,302.20,263.80,0.63
392,7,332.52,1.93,356.33,352.51,0.81
393,7,289.32,24.38,380.89,420.09,0.81
394,7,264.54,73.70,385.15,441.47,0.81
396,7,248.28,302.69,298.49,296.36,0.67
400,7,293.10,493.72,221.40,220.73,0.55
401,7,282.85,500.57,227.86,220.87,0.75
402,7,264.77,500.45,267.34,223.46,0.76
403,7,246.94,496.30,306.50,228.71,0.69
404,7,228.06,486.16,308.39,238.92,0.76
405,7,204.47,474.36,337.79,249.40,0.85
406,7,173.58,467.27,386.65,256.67,0.90
407,7,146.71,436.47,428.64,285.62,0.69
408,7,134.04,471.58,462.34,233.94,0.52
409,7,123.68,477.59,465.42,197.22,0.65
410,7,120.67,468.23,461.47,179.81,0.61
411,7,122.55,452.78,458.02,178.73,0.80
412,7,128.23,389.95,452.97,240.33,0.67
413,7,136.71,404.45,445.35,228.26,0.66
414,7,144.31,377.31,443.92,265.44,0.61
415,7,153.37,363.07,437.17,293.77,0.62
416,7,156.50,437.12,433.56,233.02,0.66
418,7,154.73,497.21,441.44,208.18,0.53
419,7,157.23,499.53,455.36,214.38,0.70
421,7,180.09,418.60,420.64,297.24,0.79
422,7,189.11,427.12,398.91,289.84,0.81
423,7,187.97,420.80,367.80,292.42,0.90
424,7,177.67,398.00,335.41,255.41,0.57
425,7,169.69,346.40,306.22,237.55,0.73
428,8,280.00,3.00,255.00,418.00,0.77
429,8,291.20,4.60,279.80,364.40,0.88
430,8,312.73,3.31,300.88,320.65,0.86
431,8,328.68,1.26,318.88,289.68,0.85
432,8,347.22,0.81,309.04,268.84,0.85
433,8,367.36,-0.03,292.99,232.38,0.84
434,8,392.09,0.60,271.32,192.94,0.70
498,9,326.00,1.00,318.00,283.00,0.74
499,9,250.80,1.00,399.60,427.80,0.60
500,9,198.82,17.09,431.30,533.86,0.62
512,10,719.00,659.00,115.00,58.00,0.74
514,11,690.00,639.00,145.00,75.00,0.70
515,11,696.40,635.80,136.20,75.80,0.70
517,11,690.58,623.39,134.20,71.48,0.78
518,11,689.65,617.47,127.74,68.44,0.76
519,11,690.23,612.92,122.07,66.87,0.56
