134,1,350.00,322.00,65.00,75.00,0.76
135,1,326.80,321.20,74.60,131.00,0.82
138,2,405.00,352.00,119.00,347.00,0.78
139,2,425.00,415.20,122.20,283.00,0.85
140,2,435.70,473.25,132.75,236.27,0.88
141,2,451.27,530.84,127.52,183.34,0.90
142,2,466.78,566.05,110.88,149.46,0.88
143,2,471.72,580.91,112.36,133.78,0.84
144,2,474.52,579.72,135.79,134.72,0.74
145,2,475.68,583.77,146.75,132.12,0.81
146,2,480.20,587.76,138.23,127.78,0.81
147,2,491.58,613.14,111.40,102.23,0.75
148,2,502.53,638.25,89.07,77.75,0.50
161,3,422.00,639.00,130.00,71.00,0.76
162,3,419.60,630.20,130.80,74.20,0.85
163,3,416.06,619.41,134.03,76.33,0.83
164,3,410.26,604.99,139.73,82.40,0.82
165,3,407.73,594.01,138.58,82.94,0.85
166,3,406.35,579.32,136.54,87.17,0.84
167,3,405.33,560.18,144.20,100.10,0.58
168,3,407.04,539.17,152.90,115.68,0.74
170,3,424.74,478.96,123.07,132.50,0.70
171,3,422.54,466.38,125.74,126.08,0.64
172,3,429.61,463.50,124.92,114.92,0.75
173,3,442.32,461.82,124.07,105.94,0.67
174,3,465.19,466.57,130.70,121.29,0.52
177,3,497.62,451.42,116.31,121.96,0.62
178,3,508.64,450.59,107.07,117.91,0.56
179,3,517.59,448.44,103.50,130.57,0.57
180,3,527.30,448.87,96.14,132.49,0.60
182,3,536.38,450.90,89.73,129.29,0.52
183,3,537.86,449.60,88.38,131.00,0.56
184,3,537.57,447.85,88.62,132.25,0.54
185,3,536.60,446.67,90.08,136.01,0.57
186,3,534.09,445.02,91.29,138.73,0.66
187,3,533.01,443.86,92.42,139.76,0.75
188,3,531.17,444.19,92.19,138.83,0.67
189,3,526.39,444.45,96.07,138.45,0.77
190,3,523.92,444.64,98.81,138.95,0.78
191,3,520.98,444.80,100.50,139.12,0.76
192,3,519.81,444.28,101.13,139.17,0.79
193,3,520.00,443.49,100.68,137.20,0.76
194,3,520.06,443.93,99.82,135.11,0.57
195,3,521.40,444.16,97.49,126.35,0.56
196,3,521.90,445.70,96.58,110.10,0.58
197,3,522.07,445.65,96.23,102.09,0.70
198,3,522.79,446.37,96.76,103.07,0.72
199,3,521.73,447.31,97.62,101.41,0.69
200,3,521.31,446.99,97.28,99.58,0.68
201,3,521.15,447.57,97.14,99.73,0.68
202,3,521.08,447.12,97.09,99.19,0.70
203,3,521.05,446.96,97.06,97.74,0.72
204,3,521.04,447.59,96.39,95.94,0.77
205,3,521.03,448.51,96.79,94.69,0.79
206,3,519.05,449.52,97.60,92.95,0.82
207,3,518.30,449.21,97.25,93.75,0.84
208,3,516.70,451.10,97.77,93.42,0.81
209,3,517.42,452.47,97.96,93.36,0.83
210,3,517.71,454.30,98.03,92.06,0.82
211,3,516.51,455.64,98.05,91.62,0.82
212,3,516.07,456.77,98.06,90.84,0.81
213,3,515.91,458.51,97.39,89.25,0.81
214,3,515.20,459.79,97.80,89.38,0.78
215,3,514.29,460.90,97.29,88.80,0.67
216,3,513.30,460.61,98.42,89.96,0.51
217,3,513.59,464.44,97.53,87.10,0.62
218,3,512.41,465.19,99.17,88.07,0.61
219,3,511.97,467.42,99.12,87.12,0.59
220,3,511.83,468.88,99.10,86.12,0.51
221,3,512.45,471.38,98.42,85.12,0.58
222,3,510.72,473.59,98.82,83.44,0.67
223,3,506.78,473.01,102.27,84.86,0.55
223,4,181.00,315.00,102.00,182.00,0.83
224,3,505.32,475.41,100.30,81.43,0.58
224,4,179.40,343.00,121.20,216.40,0.91
225,3,499.50,475.58,103.48,81.51,0.59
225,4,183.48,383.75,134.88,232.84,0.88
226,4,205.75,433.63,133.73,245.00,0.88
227,4,222.72,490.12,131.26,210.76,0.58
228,4,237.36,523.55,135.19,194.57,0.80
228,3,469.07,477.22,123.32,78.40,0.51
229,4,253.06,539.63,146.09,183.85,0.83
229,3,454.29,467.56,168.38,115.52,0.51
230,4,267.74,562.07,170.40,161.79,0.82
231,4,277.02,579.79,182.15,143.77,0.75
232,4,282.16,594.82,172.89,126.79,0.78
233,4,295.86,613.67,160.54,105.66,0.81
234,4,306.53,636.13,146.75,82.39,0.62
239,3,309.04,450.38,215.94,127.63,0.60
261,5,400.00,598.00,110.00,66.00,0.73
332,6,209.00,311.00,116.00,120.00,0.75
333,6,209.00,319.80,140.00,126.40,0.64
334,6,216.24,336.62,160.99,122.31,0.86
335,6,230.25,373.88,175.47,108.32,0.83
336,6,256.01,377.02,164.12,149.86,0.86
337,6,274.78,374.74,143.61,183.35,0.91
338,6,287.80,374.77,124.92,205.72,0.93
339,6,309.76,376.62,96.57,218.54,0.91
340,6,320.89,381.29,81.63,222.67,0.89
341,6,326.23,386.61,82.94,221.16,0.89
342,6,329.90,392.24,85.44,222.46,0.90
343,6,330.00,399.31,92.15,220.63,0.91
344,6,331.86,411.46,97.27,213.62,0.90
345,6,334.91,424.39,103.28,209.04,0.89
346,6,341.08,439.52,104.93,202.35,0.89
347,6,346.48,455.53,109.54,194.81,0.87
348,6,352.24,471.85,110.63,184.35,0.90
349,6,360.10,488.28,111.69,175.45,0.89
350,6,368.11,504.01,112.08,165.96,0.88
351,6,374.87,517.39,112.86,158.33,0.90
352,6,381.14,529.20,113.14,152.86,0.88
353,6,386.56,539.06,113.23,148.22,0.85
354,6,392.99,548.91,113.90,141.85,0.79
355,6,397.82,555.31,114.79,137.60,0.86
356,6,404.67,562.60,114.46,132.78,0.88
357,6,410.33,567.46,114.31,129.13,0.88
358,6,415.53,570.81,113.58,125.92,0.89
359,6,418.58,572.97,115.27,126.98,0.87
360,6,421.50,572.79,117.86,128.13,0.89
361,6,426.34,574.46,117.52,127.31,0.88
362,6,430.60,575.46,116.05,127.10,0.88
363,6,434.64,575.60,116.13,128.44,0.89
364,6,437.29,576.80,116.81,127.67,0.89
365,6,442.06,579.05,115.74,125.44,0.89
366,6,447.64,579.70,113.99,125.33,0.89
367,6,452.86,583.14,113.33,122.01,0.87
368,6,459.27,586.27,110.42,118.81,0.85
369,6,464.14,591.31,108.00,113.65,0.88
370,6,469.08,595.71,106.45,110.48,0.88
371,6,472.05,599.18,105.90,109.42,0.87
372,6,476.29,603.00,103.05,107.10,0.86
373,6,482.37,606.26,99.33,104.98,0.86
374,6,486.41,609.32,97.33,102.27,0.86
375,6,489.72,611.63,95.30,100.70,0.87
376,6,490.73,614.36,94.62,98.18,0.86
377,6,491.60,617.24,93.75,96.68,0.87
378,6,491.08,619.50,94.16,94.19,0.87
379,6,489.42,622.22,95.03,92.01,0.86
380,6,488.03,625.11,96.05,89.96,0.87
381,6,486.75,626.70,97.79,88.62,0.87
382,6,484.22,629.19,99.12,86.19,0.86
383,6,482.54,631.33,100.29,83.35,0.84
384,6,481.20,636.08,100.09,79.69,0.84
385,6,478.68,640.41,100.01,76.41,0.83
386,6,477.04,643.88,101.31,72.59,0.84
387,6,475.75,647.73,100.48,69.28,0.81
388,6,474.60,651.71,100.82,63.37,0.76
389,6,474.16,654.33,100.95,61.46,0.81
390,6,473.34,656.49,102.32,59.53,0.80
391,6,473.04,658.48,102.83,56.90,0.79
392,6,470.96,660.43,103.67,55.43,0.77
393,6,470.18,660.98,103.33,55.72,0.73
394,6,468.58,661.09,103.19,55.91,0.73
395,6,467.34,661.03,103.78,56.05,0.69
396,6,465.57,659.58,104.66,56.18,0.75
397,6,462.96,659.66,105.64,56.96,0.80
398,6,461.34,659.64,106.66,57.29,0.81
399,6,460.76,658.25,107.03,58.12,0.80
400,6,459.26,659.02,109.13,57.79,0.79
401,6,458.73,659.28,109.91,57.70,0.78
402,6,456.60,660.01,112.15,57.03,0.79
403,6,455.82,660.25,112.98,56.80,0.76
404,6,455.56,661.65,113.27,54.74,0.75
405,6,454.85,662.14,114.00,54.00,0.75
406,6,454.62,662.96,114.91,54.43,0.74
407,6,452.60,666.57,114.58,50.61,0.68
408,6,451.20,668.58,107.19,47.82,0.66
409,6,450.05,669.24,115.78,46.19,0.72
410,6,449.64,672.86,118.78,43.60,0.70
411,6,448.88,675.49,119.94,40.66,0.70
412,6,446.67,677.74,121.65,38.30,0.67
413,6,445.20,680.54,122.92,35.46,0.51
414,6,441.42,682.12,121.41,33.15,0.58
415,6,438.03,684.70,121.44,32.48,0.54
470,7,453.00,667.00,134.00,50.00,0.72
471,7,450.60,665.40,138.00,52.40,0.77
472,7,447.09,662.06,144.11,55.13,0.79
473,7,441.33,660.89,148.49,56.09,0.78
474,7,437.32,660.60,151.24,56.33,0.79
475,7,432.56,659.86,154.84,57.77,0.81
476,7,426.89,659.65,158.04,57.55,0.83
477,7,423.61,659.62,157.72,57.42,0.83
478,7,418.54,660.33,154.74,55.98,0.82
479,7,415.49,661.31,150.11,54.73,0.80
480,7,409.81,661.69,155.09,54.26,0.78
481,7,403.22,664.54,152.23,52.06,0.74
482,7,398.23,665.61,159.75,51.24,0.73
483,7,395.84,664.63,150.74,52.31,0.76
484,7,391.84,664.27,157.15,52.71,0.78
485,7,387.85,663.46,155.51,52.87,0.78
486,7,383.87,661.82,153.48,54.26,0.80
487,7,382.54,661.21,148.70,54.78,0.80
488,7,380.90,661.64,143.52,54.32,0.80
489,7,379.79,663.81,142.28,53.47,0.80
490,7,380.18,667.29,140.51,49.83,0.76
491,7,381.80,672.69,140.56,43.67,0.70
492,7,382.50,678.88,141.27,37.21,0.64
493,7,384.17,683.83,141.56,33.63,0.61
956,8,374.00,319.00,86.00,49.00,0.71
957,8,374.00,318.20,86.00,50.60,0.60
958,8,399.44,321.10,58.25,46.33,0.51
1010,9,20.00,282.00,109.00,172.00,0.71
1011,9,12.00,278.00,117.00,208.00,0.66
1012,9,21.79,278.00,120.77,237.66,0.63
1014,9,27.53,280.64,180.05,339.33,0.82
1015,9,29.45,274.18,226.19,409.84,0.84
1016,9,28.98,289.91,282.27,424.99,0.91
1017,9,35.02,363.45,323.04,363.59,0.74
1018,9,57.03,479.87,324.18,250.30,0.71
1071,10,28.00,277.00,116.00,154.00,0.72
1072,10,35.20,282.60,116.80,174.00,0.79
1073,10,42.74,280.68,120.80,211.76,0.66
1074,10,51.40,282.69,125.97,256.70,0.64
1076,10,78.47,283.22,174.18,354.82,0.87
1077,10,80.22,283.96,225.78,406.31,0.86
1078,10,79.76,304.24,280.65,410.03,0.90
1114,11,641.00,592.00,272.00,124.00,0.79
1115,11,642.60,588.00,268.80,127.20,0.67
1116,11,644.46,581.88,266.63,133.16,0.65
1117,11,645.85,575.24,247.13,139.00,0.72
1118,11,648.55,569.55,253.03,142.97,0.70
1119,11,653.68,563.56,253.45,148.37,0.67
1120,11,658.90,557.51,251.65,154.24,0.54
1229,12,192.00,419.00,238.00,193.00,0.72
1230,12,192.80,422.20,250.00,180.20,0.76
1302,12,252.99,293.01,316.99,213.00,0.78
1303,12,251.36,291.69,338.84,243.84,0.85
1304,12,265.05,294.43,356.58,286.69,0.83
1305,12,295.29,295.58,357.54,338.66,0.73
1306,12,323.67,322.21,347.66,347.92,0.57
1307,12,361.04,375.55,336.89,251.49,0.70
1308,12,379.93,432.60,321.27,185.21,0.83
1309,12,384.92,476.09,304.54,141.72,0.83
1310,12,385.39,504.90,279.28,113.06,0.63
1311,12,383.42,510.44,252.13,122.38,0.71
1312,12,396.34,499.64,203.86,127.78,0.74
1313,12,390.06,493.70,180.61,139.11,0.63
1314,12,385.63,541.44,233.11,147.26,0.58
1315,12,384.26,556.13,241.66,154.39,0.63
1316,12,382.64,510.36,240.28,206.75,0.69
1317,12,375.82,496.20,234.46,225.16,0.72
1318,12,374.47,494.19,219.56,228.19,0.76
1319,12,373.87,484.90,203.82,237.22,0.60
1320,12,379.14,492.42,187.25,229.33,0.54
1321,12,417.51,511.45,140.19,210.20,0.60
1322,12,383.03,505.42,165.97,214.26,0.61
1324,12,436.95,546.62,112.54,171.18,0.71
1325,12,401.30,570.74,155.41,147.61,0.64
1326,12,402.74,598.67,163.97,118.30,0.66
1327,12,460.29,639.65,116.06,78.07,0.71
1328,12,491.66,667.51,95.56,49.12,0.58
1328,13,436.00,664.00,46.00,48.00,0.70
1661,14,470.00,638.00,180.00,77.00,0.77
1662,14,469.20,635.60,180.00,80.20,0.76
1663,14,470.59,635.14,177.69,80.81,0.75
1664,14,471.05,634.99,176.92,81.02,0.73
1665,14,471.15,632.71,176.74,82.56,0.77
1666,14,471.16,631.26,176.74,83.77,0.77
1667,14,471.85,630.09,176.06,84.86,0.77
1668,14,472.77,630.39,174.45,84.54,0.71
1669,14,474.46,628.52,173.91,87.09,0.77
1670,14,475.05,625.86,173.74,89.34,0.78
1671,14,475.91,623.57,172.36,92.13,0.78
1672,14,476.20,619.47,171.87,95.78,0.71
1673,14,476.95,616.64,171.05,99.08,0.69
1674,14,477.87,612.37,168.77,103.54,0.76
1675,14,478.86,610.12,169.29,105.86,0.77
1676,14,479.86,609.95,169.52,105.40,0.74
1677,14,480.87,610.63,170.30,105.14,0.75
1678,14,481.22,612.26,171.27,104.31,0.74
1679,14,487.95,613.61,165.70,103.28,0.54
1680,14,493.15,613.51,161.58,103.49,0.57
1681,14,497.69,614.17,158.08,102.87,0.78
1682,14,500.63,611.82,156.85,104.57,0.72
1683,14,504.31,610.31,154.45,105.84,0.73
1684,14,506.25,607.80,152.27,108.25,0.65
1685,14,508.88,607.53,150.87,109.14,0.56
1689,14,498.18,606.75,160.62,109.15,0.70
1690,14,493.97,607.50,164.60,109.02,0.76
1691,14,492.47,608.42,164.71,108.31,0.83
1692,14,491.26,608.10,164.04,108.71,0.84
1693,14,493.45,607.99,161.11,108.87,0.81
1694,14,494.32,608.61,159.95,107.61,0.83
1695,14,494.66,609.52,159.49,106.47,0.83
1696,14,494.80,609.86,159.30,106.05,0.81
1697,14,496.19,609.98,157.23,105.91,0.84
1698,14,496.72,610.03,156.43,105.87,0.83
1699,14,498.24,610.04,155.47,105.86,0.83
1700,14,499.48,610.70,154.45,105.21,0.82
1701,14,500.60,610.95,152.74,104.97,0.83
1702,14,501.00,611.04,152.11,104.90,0.81
1703,14,501.14,611.06,151.89,104.88,0.81
1704,14,501.17,611.07,151.83,104.22,0.77
1705,14,499.18,611.06,153.14,104.64,0.81
1706,14,499.75,613.04,152.99,103.49,0.80
1707,14,499.96,615.11,153.60,101.73,0.82
1708,14,498.05,615.88,155.15,100.42,0.80
1709,14,495.35,616.14,159.03,99.95,0.86
1710,14,490.42,619.55,165.07,97.13,0.89
1711,14,485.96,622.15,169.94,94.09,0.88
1712,14,482.32,622.39,171.80,95.03,0.88
1713,14,481.60,619.12,168.56,98.06,0.86
1714,14,491.27,616.56,157.35,100.53,0.86
1715,14,497.75,613.61,150.30,102.13,0.82
1716,14,502.14,611.82,143.70,103.40,0.84
1717,14,505.07,611.15,138.62,103.88,0.81
1718,14,504.04,613.53,137.54,102.09,0.83
1719,14,503.63,614.46,137.22,101.39,0.83
1720,14,498.07,616.13,141.89,99.80,0.82
1721,14,493.38,615.44,144.95,101.20,0.84
1722,14,490.28,615.83,145.49,101.06,0.84
1723,14,489.79,615.32,144.40,101.67,0.82
1724,14,489.64,615.12,144.00,101.90,0.83
1725,14,487.63,615.04,145.19,101.99,0.82
1726,14,488.88,615.02,144.32,102.02,0.84
1727,14,488.73,615.66,144.67,101.37,0.83
1728,14,486.06,616.57,147.45,99.80,0.84
1729,14,482.45,617.58,151.13,98.54,0.83
1730,14,480.45,620.61,153.83,96.08,0.84
1731,14,479.08,622.40,156.15,93.83,0.84
1732,14,479.24,623.04,155.71,93.70,0.83
1733,14,481.33,621.91,154.19,95.01,0.84
1734,14,482.17,621.47,153.58,95.52,0.85
1735,14,479.87,619.30,155.31,97.05,0.85
1736,14,479.03,617.82,155.95,98.29,0.85
1737,14,478.08,616.59,157.49,100.08,0.84
1738,14,477.09,616.13,158.71,100.76,0.85
1739,14,476.75,615.31,159.15,101.67,0.84
1740,14,476.65,612.38,159.29,103.97,0.85
1741,14,473.35,610.63,162.60,105.48,0.84
1742,14,469.52,608.67,163.18,108.00,0.87
1743,14,466.77,605.35,165.33,110.89,0.86
1744,14,463.81,603.45,167.43,113.27,0.86
1745,14,466.65,600.81,164.27,116.10,0.86
1746,14,472.45,597.89,159.04,118.44,0.85
1747,14,475.35,594.86,156.36,120.60,0.86
1748,14,473.11,594.39,158.71,122.04,0.85
1749,14,468.32,594.91,163.53,121.89,0.85
1750,14,463.26,595.17,169.27,121.12,0.81
1751,14,459.40,595.32,172.10,120.77,0.81
1752,14,456.65,595.42,175.75,121.26,0.83
1753,14,456.30,600.08,169.96,116.82,0.79
1754,14,454.92,597.92,173.58,118.40,0.82
1755,14,455.10,596.48,173.59,119.62,0.83
1756,14,455.23,597.26,172.89,118.76,0.79
1757,14,456.65,598.25,166.66,117.74,0.77
1758,14,458.59,591.36,168.92,124.62,0.84
1759,14,459.32,588.82,169.74,127.16,0.83
1760,14,461.60,588.52,168.72,128.11,0.82
1761,14,461.82,589.10,166.99,127.78,0.82
1762,14,462.57,588.71,167.66,128.27,0.84
1763,14,461.53,588.60,167.25,128.42,0.84
1764,14,452.53,587.93,174.37,129.75,0.84
1765,14,457.00,587.05,168.56,128.92,0.77
1766,14,460.82,586.75,164.23,128.56,0.78
1767,14,459.59,587.98,165.29,128.40,0.79
1768,14,460.46,589.13,163.70,127.66,0.80
1769,14,467.45,588.26,155.80,128.02,0.83
1770,14,470.09,589.93,152.15,126.16,0.82
1771,14,470.35,590.58,150.21,125.44,0.83
1772,14,469.06,591.49,151.57,124.50,0.82
1773,14,469.89,591.84,150.12,124.15,0.84
1774,14,466.83,591.97,152.31,124.02,0.85
1775,14,466.35,592.67,151.82,123.31,0.85
1776,14,466.16,594.27,151.68,122.38,0.84
1777,14,462.10,593.53,156.96,122.71,0.83
1778,14,454.70,594.57,164.17,122.17,0.83
1779,14,451.25,596.28,167.56,119.99,0.83
1780,14,457.75,600.24,159.76,115.84,0.75
1781,14,471.73,596.31,149.96,117.69,0.74
1782,14,476.96,594.88,146.31,117.71,0.78
1783,14,475.43,594.99,149.07,117.74,0.80
1784,14,477.50,595.02,147.45,116.44,0.82
1785,14,467.55,595.70,156.21,118.64,0.76
1786,14,460.00,593.31,163.97,121.44,0.79
1787,14,449.99,593.72,174.07,121.19,0.82
1788,14,439.74,591.24,184.34,125.05,0.83
1789,14,438.30,588.36,185.78,127.14,0.81
1790,14,451.39,587.26,172.04,127.28,0.79
1791,14,454.76,586.87,168.41,127.30,0.80
1792,14,458.67,586.74,164.40,127.29,0.81
1793,14,460.15,586.06,162.88,127.92,0.80
1794,14,457.39,585.16,165.63,129.46,0.79
1795,14,454.38,585.50,169.94,129.37,0.79
1796,14,455.22,585.65,168.95,129.31,0.80
1797,14,455.57,586.39,168.53,127.95,0.80
1798,14,452.42,588.67,170.98,125.43,0.77
1799,14,432.23,591.54,190.26,121.81,0.82
1800,14,426.64,593.28,194.25,120.46,0.79
1801,14,436.07,593.24,184.81,119.97,0.80
1802,14,438.03,593.21,181.53,119.82,0.79
1803,14,438.82,593.85,180.93,119.11,0.79
1804,14,442.46,594.74,176.71,117.54,0.83
1805,14,445.89,595.73,174.39,116.30,0.84
1806,14,447.86,597.41,172.18,113.86,0.83
1807,14,447.95,600.03,172.02,111.64,0.84
1808,14,447.98,600.97,172.63,111.53,0.86
1809,14,447.99,601.28,172.86,111.53,0.87
1810,14,447.99,603.37,172.95,110.23,0.86
1811,14,448.00,604.11,172.98,109.78,0.86
1812,14,448.00,604.35,172.33,108.98,0.85
1813,14,446.01,605.07,173.41,108.72,0.85
1814,14,445.93,603.31,173.16,109.98,0.84
1815,14,445.90,601.96,173.06,111.14,0.85
1816,14,446.56,600.78,173.69,112.25,0.83
1817,14,446.16,599.66,175.90,114.00,0.84
1818,14,445.35,599.23,177.39,114.01,0.82
1819,14,445.71,597.75,177.28,114.67,0.82
1820,14,446.51,598.51,175.91,114.26,0.81
1821,14,445.50,600.12,174.71,112.12,0.80
1822,14,443.79,600.74,174.25,110.65,0.83
1823,14,442.50,600.96,174.74,110.77,0.78
1824,14,440.70,600.38,174.27,108.84,0.75
1825,14,440.04,599.49,174.09,108.79,0.77
1826,14,438.49,599.82,174.02,108.13,0.73
1827,14,437.93,599.28,173.99,109.22,0.74
1828,14,437.75,598.41,173.99,110.31,0.74
1829,14,439.02,599.41,173.98,111.38,0.81
1830,14,440.19,600.45,172.66,110.48,0.76
1831,14,441.31,600.85,174.15,110.13,0.72
1832,14,441.73,599.67,175.38,110.01,0.71
1833,14,443.22,600.54,175.18,111.29,0.79
1834,14,443.78,600.87,175.10,111.77,0.81
1835,14,443.99,600.99,175.06,111.29,0.81
1836,14,444.06,601.70,175.05,110.45,0.80
1837,14,444.08,601.96,175.04,110.13,0.79
1838,14,444.08,602.05,175.03,109.35,0.77
1839,14,443.41,602.74,174.37,108.40,0.77
1840,14,443.16,602.33,174.11,108.71,0.78
1841,14,443.06,602.83,174.02,108.17,0.78
1842,14,443.02,602.34,173.99,108.64,0.78
1843,14,443.01,602.16,173.98,108.83,0.78
1844,14,444.32,602.74,173.98,108.24,0.78
1845,14,444.82,602.30,173.32,108.69,0.79
1846,14,445.00,602.13,173.07,109.52,0.78
1847,14,443.74,602.06,173.64,109.18,0.77
1848,14,443.26,602.03,173.20,108.39,0.75
1849,14,443.08,602.02,173.04,108.09,0.74
1850,14,443.01,602.68,172.98,107.32,0.72
1851,14,442.99,602.92,172.96,107.04,0.75
1852,14,442.98,603.68,172.96,106.28,0.76
1853,14,442.98,603.95,172.96,104.67,0.80
1854,14,442.98,603.38,172.96,103.41,0.81
1855,14,442.98,603.83,172.97,101.63,0.82
1856,14,442.98,604.66,172.97,98.98,0.83
1857,14,442.99,604.29,172.97,99.37,0.83
1858,14,442.33,604.15,173.64,99.54,0.83
1859,14,441.42,604.76,173.23,98.30,0.80
1860,14,441.08,604.98,172.41,97.20,0.82
1861,14,440.96,605.05,172.10,96.82,0.80
1862,14,440.92,605.07,171.99,96.70,0.80
1863,14,440.91,605.08,171.96,96.69,0.77
1864,14,440.92,605.07,171.29,96.70,0.78
1865,14,440.93,605.06,171.04,96.73,0.79
1866,14,440.93,605.06,170.95,97.43,0.78
1867,14,440.94,605.05,170.92,97.70,0.74
1868,14,439.62,605.04,170.92,97.81,0.65
1869,14,439.13,605.04,170.93,96.54,0.67
1870,14,437.63,603.70,170.93,96.07,0.68
1871,14,436.42,602.54,171.60,95.91,0.68
1872,14,433.34,602.11,167.90,97.19,0.61
1873,14,432.85,600.64,171.16,99.65,0.63
1874,14,431.38,598.78,174.34,99.93,0.63
1875,14,432.81,596.11,175.54,103.32,0.70
1876,14,434.71,593.17,176.65,109.14,0.65
1877,14,435.45,592.07,177.05,114.56,0.67
1878,14,435.08,588.47,179.16,119.85,0.72
1879,14,434.30,586.45,180.60,121.24,0.68
1880,14,434.01,583.76,181.12,123.01,0.72
1881,14,434.56,582.76,180.63,115.89,0.64
1882,14,434.13,581.79,181.08,112.97,0.72
1883,14,434.63,581.48,179.91,104.56,0.71
1884,14,433.50,581.44,178.78,104.74,0.70
1885,14,430.44,582.78,180.33,92.80,0.68
1886,14,429.96,583.40,180.24,87.52,0.71
1887,14,429.14,583.63,180.85,101.10,0.67
1888,14,424.24,582.41,184.37,112.60,0.78
1889,14,421.76,583.83,183.71,112.13,0.75
1890,14,408.99,584.46,190.68,115.10,0.85
1891,14,404.89,583.42,185.48,113.60,0.80
1892,14,396.13,579.75,184.03,117.54,0.79
1893,14,388.98,577.73,184.79,119.64,0.77
1894,14,387.08,576.97,183.75,119.75,0.82
1895,14,387.83,576.06,183.34,118.43,0.75
1896,14,388.90,576.40,183.17,116.56,0.72
1897,14,390.08,577.22,184.43,116.46,0.73
1898,14,391.27,578.21,184.23,115.74,0.71
1899,14,391.80,577.28,183.49,116.10,0.72
1900,14,392.74,578.93,181.88,115.56,0.76
1901,14,393.15,580.23,181.27,114.67,0.78
1902,14,393.35,580.72,181.04,114.32,0.81
1903,14,395.45,580.91,179.64,114.84,0.83
1904,14,396.94,582.30,179.12,112.38,0.77
1905,14,394.21,583.50,185.56,112.77,0.81
1906,14,393.20,583.93,190.57,112.26,0.82
1907,14,394.14,584.08,189.23,113.39,0.81
1908,14,400.46,585.45,180.76,113.81,0.74
1909,14,404.24,585.30,178.15,116.61,0.77
1910,14,404.28,591.77,179.88,113.08,0.82
1911,14,405.60,596.92,181.19,110.36,0.83
1912,14,408.06,600.14,180.38,108.01,0.82
1913,14,409.63,601.27,178.75,107.15,0.86
1914,14,408.86,601.62,178.80,105.52,0.83
1915,14,407.87,601.69,179.50,104.94,0.84
1916,14,407.48,601.66,179.77,105.42,0.84
1917,14,407.31,602.93,179.88,105.62,0.85
1918,14,408.55,604.03,177.94,105.72,0.86
1919,14,408.34,604.39,177.88,105.11,0.87
1920,14,408.91,604.49,177.20,104.89,0.88
1921,14,409.11,604.48,176.30,104.83,0.87
1922,14,409.17,604.44,176.63,105.48,0.87
1923,14,409.17,604.40,176.77,105.08,0.87
1924,14,409.16,604.36,176.84,104.94,0.87
1925,14,409.15,604.98,176.87,104.23,0.89
1926,14,410.45,605.19,176.89,103.98,0.89
1927,14,410.94,605.24,176.91,103.89,0.89
1928,14,411.11,605.25,176.92,103.87,0.89
1929,14,411.15,605.23,176.93,103.87,0.89
1930,14,411.16,605.87,176.94,102.56,0.89
1931,14,411.15,605.43,176.94,102.74,0.88
1932,14,411.80,605.25,175.63,102.82,0.88
1933,14,412.03,605.83,175.80,102.19,0.88
1934,14,413.43,606.04,175.21,101.31,0.88
1935,14,413.95,606.77,175.66,100.99,0.89
1936,14,414.13,607.70,175.17,100.88,0.85
1937,14,414.84,608.03,170.36,100.85,0.80
1938,14,414.42,608.14,161.19,99.53,0.79
1939,14,414.92,608.17,145.58,98.38,0.79
1940,14,412.99,607.50,165.82,98.63,0.82
1941,14,412.37,605.91,171.65,98.74,0.85
1942,14,411.47,604.65,174.67,99.46,0.86
1943,14,411.12,604.17,176.47,99.74,0.88
1944,14,410.99,603.34,177.13,101.18,0.88
1945,14,411.60,603.69,176.69,101.06,0.88
1946,14,413.81,603.83,175.18,101.02,0.86
1947,14,415.31,605.21,176.55,101.00,0.85
1948,14,415.87,605.74,177.05,101.00,0.82
1949,14,416.73,605.94,175.90,101.66,0.81
1950,14,417.04,606.67,175.44,99.93,0.80
1951,14,416.48,606.94,175.92,98.60,0.82
1952,14,415.60,607.04,175.42,99.45,0.84
1953,14,415.26,606.41,174.56,99.76,0.83
1954,14,416.44,604.84,174.23,99.89,0.84
1955,14,418.21,603.59,175.42,100.60,0.85
1956,14,418.86,602.46,176.53,101.53,0.85
1957,14,420.41,602.04,176.94,101.88,0.77
1958,14,419.67,601.90,176.42,103.33,0.71
1959,14,419.36,601.85,175.56,103.21,0.75
1960,14,414.60,601.85,181.18,103.16,0.80
1961,14,414.78,602.52,180.65,102.47,0.84
1962,14,414.86,602.12,182.39,102.86,0.79
1963,14,417.52,601.98,184.34,102.34,0.77
1964,14,429.68,601.27,180.47,100.16,0.77
1965,14,445.61,601.68,172.32,90.00,0.54
1966,14,449.54,600.46,187.39,105.53,0.80
1967,14,472.15,595.01,181.78,105.50,0.51
1968,14,498.32,591.44,172.15,117.83,0.71
1969,14,532.90,587.60,154.98,125.57,0.64
1970,14,566.76,585.45,134.77,129.27,0.78
1971,14,586.53,590.37,123.55,124.94,0.89
1972,14,600.28,600.91,112.22,115.22,0.85
1973,14,609.83,607.72,98.64,108.67,0.86
1974,14,611.22,608.84,96.87,107.60,0.86
1975,14,602.12,605.89,107.19,110.55,0.89
1976,14,593.84,600.83,116.56,114.92,0.89
1977,14,574.77,595.65,134.61,119.82,0.82
1978,14,559.36,596.24,145.84,119.10,0.88
1979,14,547.27,601.10,149.16,114.82,0.85
1980,14,540.41,605.67,146.58,109.13,0.86
1981,14,536.43,604.01,142.21,111.69,0.86
1982,14,526.40,604.06,147.71,111.95,0.80
1983,14,511.10,602.76,160.70,113.37,0.80
1984,14,505.92,601.60,161.23,113.23,0.65
1985,14,493.67,597.20,170.98,117.13,0.64
1986,14,485.88,594.25,175.30,119.89,0.75
1987,14,467.60,592.49,189.05,122.87,0.72
1988,14,456.21,591.19,196.21,123.99,0.67
1989,14,449.92,590.07,199.58,124.38,0.70
1990,14,447.66,588.37,200.12,125.15,0.62
2017,14,418.59,557.07,196.04,139.94,0.50
2018,14,420.09,555.96,200.84,134.16,0.52
2020,14,397.80,552.33,212.04,133.24,0.60
2021,14,400.27,552.36,203.11,131.00,0.72
2022,14,403.37,551.06,194.98,132.23,0.67
2023,14,399.86,552.61,195.39,130.03,0.64
2024,14,400.66,553.93,191.55,126.53,0.76
2025,14,401.72,555.80,188.12,122.55,0.73
2026,14,402.17,557.87,187.58,119.77,0.74
2027,14,402.38,559.99,187.44,119.48,0.72
2028,14,403.17,564.11,186.76,117.41,0.68
2029,14,400.16,566.30,189.23,116.02,0.65
2030,14,404.36,568.42,186.20,116.24,0.60
2032,14,407.75,570.79,185.84,115.02,0.56
2033,14,407.81,571.80,187.32,113.64,0.62
2034,14,407.84,570.81,187.85,114.50,0.61
2035,14,407.20,570.42,188.70,114.81,0.69
2036,14,406.31,568.94,188.35,113.61,0.69
2037,14,399.38,565.04,194.15,115.82,0.62
2038,14,401.37,563.59,191.09,115.98,0.76
2039,14,400.87,563.05,191.84,116.04,0.68
2040,14,402.03,560.88,189.47,116.05,0.78
2041,14,402.50,560.08,188.55,116.72,0.80
2042,14,402.69,557.82,188.20,117.62,0.82
2043,14,402.12,555.68,188.73,119.27,0.84
2044,14,400.59,554.90,189.59,119.89,0.80
2045,14,399.37,553.32,187.93,120.76,0.82
2046,14,396.28,552.76,188.62,122.39,0.78
2047,14,395.80,553.23,186.90,123.00,0.74
2048,14,393.67,556.08,184.26,121.89,0.78
2049,14,391.57,559.18,148.66,117.49,0.65
2050,14,390.13,563.05,137.54,114.46,0.55
2051,14,391.13,568.50,162.58,109.32,0.83
2052,14,391.40,571.86,169.68,105.40,0.81
2053,14,388.30,573.72,173.28,101.99,0.67
2054,14,369.47,568.21,190.37,108.97,0.55
2055,14,346.56,561.68,209.44,116.03,0.63
2056,14,341.28,559.16,209.46,118.10,0.62
2057,14,328.43,551.02,215.01,124.76,0.74
2058,14,335.77,547.30,199.13,129.85,0.72
2059,14,351.10,547.81,178.47,136.29,0.74
2060,14,360.52,545.50,163.75,146.42,0.80
2061,14,361.88,528.88,155.80,168.60,0.86
2062,14,365.15,521.76,150.33,180.95,0.83
2063,14,362.91,520.11,153.32,187.21,0.80
2064,14,360.10,519.56,157.81,189.60,0.81
2065,14,353.11,518.17,164.85,193.54,0.83
2066,14,350.51,522.16,157.69,173.98,0.71
2067,14,375.86,522.66,119.20,172.28,0.86
2068,14,386.05,524.85,96.76,178.86,0.68
2069,14,395.05,520.53,85.15,179.98,0.73
2070,14,393.69,505.89,85.99,185.50,0.68
2071,14,327.22,473.21,162.39,233.39,0.59
2072,14,296.64,437.15,200.79,269.07,0.64
2073,14,277.61,402.43,224.61,293.94,0.79
2074,14,329.97,388.47,161.46,298.13,0.67
2075,14,299.89,368.67,200.11,310.65,0.89
2076,14,301.39,349.16,213.05,318.52,0.86
2077,14,294.69,356.74,224.88,305.00,0.84
2078,14,283.60,327.43,234.35,330.02,0.90
2079,14,265.07,305.26,248.42,339.33,0.92
2080,14,241.71,294.16,267.48,327.53,0.93
2081,14,216.43,291.01,290.98,294.24,0.91
2082,14,194.08,291.97,315.66,250.91,0.91
2083,14,179.66,286.13,333.48,219.84,0.78
2085,14,256.78,294.40,184.78,152.76,0.69
2086,14,285.18,293.35,138.32,123.14,0.78
2108,15,345.00,305.00,94.00,120.00,0.71
2109,15,341.00,309.00,98.00,116.80,0.74
2110,15,338.72,322.99,94.96,103.74,0.79
2111,15,337.15,329.10,95.48,101.24,0.75
2112,15,339.72,307.90,103.95,135.79,0.79
2113,15,345.44,301.17,107.41,154.92,0.85
2114,15,351.00,297.77,105.18,168.47,0.82
2115,15,361.25,302.19,100.74,173.00,0.71
2116,15,370.42,309.35,99.03,178.09,0.61
2117,15,374.91,300.25,105.22,208.36,0.83
2118,15,373.83,300.34,109.40,228.61,0.82
2119,15,363.43,312.08,127.97,234.41,0.72
2120,15,336.65,320.94,158.46,216.28,0.69
2121,15,335.90,357.35,154.16,178.46,0.70
2122,15,334.37,378.05,154.14,161.20,0.78
2123,15,343.37,396.06,147.58,154.46,0.90
2124,15,368.50,422.69,131.04,138.34,0.91
2125,15,386.48,455.35,127.68,115.99,0.85
2126,15,385.42,440.81,144.47,173.25,0.87
2127,15,378.79,416.09,163.71,225.88,0.82
2128,15,369.25,385.99,179.44,253.67,0.84
2129,15,359.64,355.57,193.22,274.79,0.87
2130,15,349.44,324.77,204.91,285.21,0.88
2131,15,343.39,304.98,209.49,281.04,0.81
2132,15,342.82,297.49,205.41,260.36,0.69
2133,15,352.91,294.65,188.67,232.35,0.73
2134,15,366.93,294.43,168.37,234.42,0.85
2135,15,373.56,293.72,150.95,240.33,0.68
2136,15,377.24,292.25,134.20,175.65,0.65
2137,15,396.86,297.30,102.82,98.48,0.64
2320,16,292.00,292.00,110.00,123.00,0.77
2321,16,300.80,299.20,107.60,125.40,0.75
2322,16,254.38,289.86,165.35,144.24,0.58
2323,16,235.24,286.59,200.69,157.28,0.53
2329,16,246.74,290.90,344.40,283.05,0.59
2330,16,323.58,294.44,308.73,260.61,0.83
2331,16,361.56,296.65,303.11,262.88,0.84
2332,16,375.48,327.26,301.55,243.28,0.88
2333,16,374.09,372.36,302.71,203.88,0.86
2334,16,367.48,430.53,280.28,149.71,0.79
2335,16,365.06,476.31,262.33,122.16,0.89
2336,16,367.30,488.05,221.73,141.79,0.77
2337,16,374.13,488.33,168.65,166.88,0.73
2338,16,383.62,483.07,113.43,191.74,0.71
2338,17,446.00,507.00,128.00,209.00,0.70
2339,16,388.22,491.02,73.01,195.62,0.70
2339,17,446.00,501.40,111.20,216.20,0.73
2340,17,415.41,495.00,124.73,221.38,0.53
2341,17,386.58,485.90,144.57,230.82,0.69
2342,17,374.19,480.18,157.56,235.96,0.75
2343,17,366.60,472.11,172.62,243.13,0.90
2344,17,361.75,467.41,183.87,246.84,0.86
2345,17,359.24,489.62,190.42,224.96,0.74
2346,17,358.90,503.55,195.05,210.50,0.77
2347,17,359.31,511.94,197.06,201.95,0.75
2348,17,361.25,514.09,197.39,200.45,0.73
2349,17,365.68,525.73,191.94,187.69,0.72
2350,17,369.84,533.34,188.02,180.38,0.85
2351,17,371.75,542.77,186.21,172.45,0.84
2352,17,374.02,550.06,182.65,165.71,0.84
2353,17,375.14,557.94,181.04,158.02,0.85
2354,17,374.41,564.63,179.61,151.39,0.85
2355,17,376.27,576.46,175.61,139.58,0.84
2356,17,375.81,573.85,175.95,142.18,0.83
2357,17,376.40,575.64,177.32,139.71,0.79
2358,17,376.05,576.03,179.08,139.07,0.76
2359,17,374.69,575.30,182.31,139.71,0.69
2360,17,374.89,574.21,182.82,140.77,0.81
2361,17,373.73,573.02,184.90,141.96,0.68
2362,17,374.01,573.14,184.97,142.50,0.69
2363,17,372.86,571.76,187.54,144.80,0.70
2364,17,372.47,571.18,189.12,145.72,0.74
2365,17,373.03,572.22,190.96,144.80,0.73
2366,17,376.56,571.88,190.95,145.17,0.76
2367,17,378.61,571.71,190.88,145.35,0.77
2368,17,381.38,570.94,189.47,146.79,0.75
2369,17,380.47,567.98,190.20,148.67,0.78
2370,17,382.10,565.51,189.12,151.38,0.78
2371,17,384.71,563.26,190.65,153.07,0.81
2372,17,386.34,561.74,190.54,153.72,0.82
2373,17,384.97,560.51,193.75,155.28,0.79
2374,17,388.37,556.12,191.01,159.14,0.81
2375,17,389.00,549.26,193.87,166.45,0.80
2376,17,391.84,547.95,193.61,167.29,0.76
2377,17,388.29,542.94,199.40,171.46,0.83
2378,17,388.89,541.72,200.90,171.72,0.76
2379,17,397.61,538.05,194.88,175.67,0.71
2380,17,406.27,538.00,190.50,176.48,0.77
2381,17,401.45,530.89,196.18,183.90,0.73
2382,17,401.61,528.87,196.95,185.39,0.74
2383,17,402.93,503.51,197.87,210.55,0.69
2384,17,404.70,482.24,196.22,231.12,0.72
2385,17,405.98,473.03,193.58,236.94,0.78
2386,17,406.42,467.59,189.25,242.25,0.80
2387,17,407.86,465.00,180.95,245.44,0.78
2388,17,410.37,462.90,168.40,244.59,0.85
2389,17,409.85,462.95,156.29,244.04,0.84
2390,17,408.21,463.80,147.26,246.25,0.78
2391,17,409.68,463.00,133.14,247.60,0.86
2392,17,413.72,462.85,124.91,249.27,0.82
2393,17,424.26,473.99,125.28,240.01,0.57
2394,17,412.50,489.79,162.91,213.68,0.84
2395,17,394.64,501.54,212.54,192.37,0.81
2396,17,377.21,504.98,238.51,121.91,0.72
2397,17,363.35,470.88,279.50,210.58,0.69
2398,17,351.67,435.92,282.71,253.58,0.79
2399,17,332.41,392.34,302.76,297.37,0.88
2400,17,311.27,350.81,330.92,334.11,0.64
2401,17,291.79,314.58,345.81,348.93,0.72
2402,17,276.44,298.38,369.58,337.33,0.80
2403,17,265.45,297.54,376.44,308.03,0.79
2404,17,261.83,290.87,377.50,298.75,0.77
2405,17,263.19,288.75,372.41,286.54,0.53
2407,17,267.30,285.68,294.44,241.83,0.53
2408,17,269.19,286.20,280.43,216.39,0.61
2409,17,266.93,286.45,310.35,218.87,0.68
2410,17,264.87,286.57,318.89,223.83,0.65
2411,17,260.80,284.76,322.41,229.87,0.67
2412,17,256.63,284.92,326.45,232.26,0.71
2413,17,257.06,286.49,327.35,235.29,0.79
2414,17,256.62,287.86,329.69,237.17,0.81
2415,17,256.49,288.48,333.21,237.94,0.73
2416,17,257.14,289.47,336.50,236.29,0.65
2418,17,262.17,288.25,344.81,223.31,0.61
2419,17,262.79,288.86,349.87,198.51,0.57
2420,17,266.28,292.67,352.33,177.31,0.64
2421,17,270.22,294.06,377.46,166.04,0.51
2422,17,272.96,292.43,365.74,153.35,0.83
2423,17,279.29,291.91,356.14,144.41,0.79
2424,17,300.86,293.20,326.57,135.38,0.76
2425,17,306.91,293.66,302.98,129.19,0.57
2426,17,306.82,292.41,278.80,124.64,0.62
2427,17,306.59,292.00,270.50,126.28,0.77
2428,17,302.94,290.50,260.98,122.89,0.62
2429,17,299.44,290.67,257.26,123.36,0.60
2430,17,298.14,290.75,256.23,120.28,0.75
2431,17,294.23,289.43,250.01,114.59,0.83
2432,17,292.08,290.36,232.32,98.91,0.79
2477,18,79.00,278.00,216.00,282.00,0.82
2478,18,86.20,279.60,265.60,318.80,0.83
2479,18,96.13,281.38,333.50,369.28,0.92
2480,18,124.56,289.78,412.64,411.38,0.92
2481,18,172.16,343.91,449.31,376.80,0.77
2482,18,238.81,420.60,445.20,304.20,0.70
2483,18,246.36,499.09,515.70,223.92,0.54
2519,19,386.00,617.00,142.00,98.00,0.78
2520,19,390.00,617.80,138.00,97.20,0.77
2521,19,393.89,619.50,135.67,96.27,0.79
2522,19,396.73,621.63,134.91,95.18,0.82
2523,19,397.48,622.23,134.74,95.63,0.81
2524,19,398.34,621.64,133.28,95.81,0.80
2525,19,398.54,621.39,132.82,96.59,0.81
2526,19,397.84,620.58,134.10,96.18,0.78
2527,19,397.55,620.26,133.90,96.03,0.78
2528,19,396.72,618.78,133.16,97.34,0.76
2529,19,396.38,618.23,132.24,97.82,0.77
2530,19,396.24,617.36,131.91,98.00,0.75
2531,19,397.52,617.04,129.13,98.72,0.70
2532,19,397.30,616.93,129.46,98.99,0.68
2533,19,395.87,616.23,129.61,99.74,0.68
2534,19,397.33,614.00,128.36,101.34,0.71
2535,19,395.86,611.85,129.25,103.24,0.71
2536,19,396.64,610.40,129.60,105.91,0.72
2537,19,396.93,609.22,129.75,106.91,0.71
2538,19,397.03,606.83,129.82,107.92,0.75
2539,19,397.07,605.30,129.85,109.58,0.76
2540,19,397.07,603.44,129.88,112.14,0.75
2541,19,395.08,600.81,131.22,114.39,0.76
2542,19,393.67,597.89,132.38,117.81,0.73
2543,19,391.83,596.81,132.17,118.44,0.60
2544,19,391.80,594.49,130.10,119.93,0.52
2545,19,389.81,589.75,133.30,127.61,0.58
2546,19,388.43,587.98,133.18,129.86,0.70
2547,19,387.93,586.71,133.12,131.96,0.70
2548,19,387.10,584.98,134.41,132.70,0.65
2549,19,386.81,585.03,134.89,131.62,0.71
2550,19,386.73,586.42,132.43,131.12,0.62
2551,19,387.38,590.28,126.17,124.99,0.53
2553,19,389.98,592.15,118.01,123.57,0.50
2555,19,388.17,588.80,109.82,127.03,0.52
2556,19,384.29,584.73,108.29,131.83,0.57
2561,19,250.68,512.95,229.60,200.19,0.70
2562,19,236.74,504.43,240.84,208.97,0.84
2563,19,230.55,501.03,248.83,212.53,0.84
2564,19,229.68,500.52,249.95,212.50,0.83
2565,19,229.19,500.54,251.85,212.92,0.85
2566,19,228.74,500.73,252.92,212.91,0.87
2567,19,228.94,500.99,253.01,212.74,0.87
2568,19,230.06,501.92,252.06,211.86,0.83
2569,19,230.89,502.44,251.35,211.36,0.83
2570,19,230.93,502.80,251.40,211.03,0.85
2571,19,231.91,503.07,250.49,210.78,0.82
2572,19,231.96,502.64,250.51,211.22,0.87
2573,19,232.25,502.59,250.28,211.29,0.88
2574,19,232.61,502.67,249.97,211.23,0.88
2575,19,232.98,502.14,249.65,211.77,0.88
2576,19,234.63,502.02,249.35,211.90,0.87
2577,19,234.79,502.04,248.42,211.88,0.86
2578,19,235.01,502.12,247.92,211.81,0.87
2579,19,235.23,502.21,247.61,212.39,0.88
2580,19,236.09,502.30,248.05,212.56,0.86
2581,19,236.52,503.04,248.78,212.58,0.85
2582,19,236.77,503.36,248.97,211.22,0.84
2583,19,236.95,504.18,248.97,210.01,0.81
2584,19,236.43,503.86,250.21,211.51,0.86
2585,19,235.63,503.10,251.94,211.39,0.88
2586,19,234.07,502.83,255.16,211.98,0.89
2587,19,234.18,502.75,255.68,211.53,0.87
2588,19,235.60,503.41,255.80,210.01,0.76
2589,19,235.52,503.01,257.10,210.74,0.81
2590,19,234.22,502.87,257.54,211.01,0.87
2591,19,235.07,502.84,256.99,211.76,0.88
2592,19,235.43,502.84,256.73,211.37,0.88
2593,19,235.59,502.85,257.25,211.21,0.89
2594,19,235.68,502.86,257.41,211.14,0.90
2595,19,235.73,503.54,257.44,210.45,0.90
2596,19,235.77,503.80,257.41,210.18,0.89
2597,19,234.48,503.91,257.37,209.42,0.85
2598,19,234.00,503.95,257.33,209.79,0.89
2599,19,234.50,503.31,257.96,210.59,0.90
2600,19,234.71,503.07,258.17,210.89,0.91
2601,19,234.14,502.98,257.57,211.00,0.90
2602,19,233.94,502.95,256.67,211.04,0.90
2603,19,233.87,502.95,256.31,211.05,0.90
2604,19,234.52,502.95,255.50,211.05,0.89
2605,19,234.78,503.61,255.19,211.71,0.89
2606,19,234.22,503.87,255.74,211.95,0.88
2607,19,234.01,503.96,255.94,212.04,0.88
2608,19,234.60,503.34,258.66,211.40,0.88
2609,19,234.83,503.76,262.31,210.50,0.84
2610,19,301.83,552.90,202.01,162.50,0.65
2611,19,254.79,517.66,257.58,196.74,0.67
2612,19,327.49,562.93,192.35,154.37,0.70
2613,19,374.82,586.32,152.52,132.31,0.61
2614,19,271.86,527.73,275.81,186.86,0.74
2615,19,248.11,512.03,305.44,201.48,0.68
2802,20,365.00,537.00,199.00,122.00,0.74
2804,21,352.00,548.00,121.00,128.00,0.80
2818,22,449.00,464.00,40.00,63.00,0.74
2832,23,335.00,323.00,70.00,84.00,0.73
2833,23,283.80,292.60,120.40,153.60,0.77
2834,23,273.00,287.18,152.28,178.44,0.78
2835,23,265.53,283.94,193.98,207.91,0.87
2836,23,262.99,285.83,240.06,236.28,0.90
2837,23,270.83,287.94,281.84,263.24,0.88
2838,23,304.56,291.96,304.58,288.22,0.91
2839,23,352.37,327.48,317.87,287.10,0.91
2840,23,405.32,386.40,318.99,257.11,0.91
2841,23,458.60,453.76,284.25,208.31,0.90
2842,23,502.21,526.34,237.87,149.63,0.51
2844,23,542.50,577.19,174.23,135.02,0.75
2845,23,571.33,581.93,95.41,135.20,0.85
2846,23,531.71,588.14,124.81,133.88,0.88
2847,23,381.89,554.84,273.83,165.34,0.70
2848,23,342.87,547.78,308.36,173.53,0.74
2849,23,322.86,542.27,321.87,179.33,0.55
2850,23,308.58,538.54,322.44,182.74,0.51
2851,23,319.86,539.48,301.60,182.62,0.72
2852,23,309.39,536.44,310.06,184.32,0.67
2853,24,504.00,624.00,82.00,92.00,0.80
2854,24,516.80,637.60,79.60,69.60,0.81
2855,23,293.86,533.85,329.18,183.01,0.54
2856,23,297.57,533.62,325.53,182.17,0.87
2857,23,296.91,532.87,331.54,181.88,0.83
2858,23,355.61,492.80,271.14,222.82,0.91
2859,23,367.83,448.12,244.44,253.83,0.91
2860,23,357.00,390.78,226.79,275.97,0.91
2861,23,342.81,329.88,203.55,288.75,0.92
2862,23,327.99,301.32,186.84,266.27,0.80
2863,23,314.71,289.69,179.12,252.38,0.75
2888,25,172.00,315.00,100.00,94.00,0.81
2889,25,184.80,310.20,118.40,127.60,0.85
2890,25,199.52,316.32,145.07,150.82,0.86
2891,25,224.13,346.57,168.21,158.47,0.80
2892,25,262.72,397.16,188.20,153.97,0.79
2893,25,304.28,449.23,206.56,146.01,0.73
2894,25,325.80,506.81,250.57,119.06,0.54
2895,25,393.52,540.83,240.29,116.98,0.74
2896,25,452.78,560.72,208.67,130.50,0.62
2897,25,508.70,576.11,143.74,140.32,0.84
2898,24,512.00,598.01,109.99,116.99,0.74
2899,24,498.85,619.42,117.76,96.24,0.75
2900,24,485.81,649.47,110.79,67.86,0.67
2901,24,471.80,669.04,82.44,48.89,0.58
