163,1,203.00,340.00,50.00,81.00,0.81
164,1,205.40,348.80,51.60,97.80,0.86
165,1,209.67,348.22,58.01,124.00,0.87
166,1,205.36,346.01,76.95,156.04,0.90
167,1,202.52,346.32,92.74,182.90,0.90
168,1,205.54,361.17,99.93,191.47,0.87
169,1,215.04,376.62,101.81,196.43,0.89
170,1,232.38,389.94,95.72,197.05,0.88
171,1,255.22,399.08,82.77,197.19,0.89
172,1,280.52,406.43,70.85,192.82,0.88
173,1,304.87,411.10,71.11,188.50,0.86
174,1,321.02,413.37,85.32,183.71,0.87
175,1,333.84,412.07,101.63,180.77,0.87
176,1,349.83,407.45,110.78,181.94,0.87
177,1,362.40,402.28,121.24,184.76,0.87
178,1,382.60,398.23,122.37,184.98,0.64
179,1,386.19,396.57,136.31,190.69,0.73
180,1,393.06,397.83,143.59,188.20,0.77
181,1,397.97,400.25,147.64,186.96,0.88
182,1,399.57,404.42,152.80,184.34,0.91
183,1,401.15,409.26,157.83,179.88,0.87
184,1,402.10,416.35,161.54,176.06,0.89
185,1,402.79,422.93,167.87,171.87,0.87
186,1,403.45,429.97,179.03,168.23,0.60
187,1,403.54,437.15,188.96,166.17,0.68
188,1,403.34,447.03,189.66,157.37,0.86
189,1,405.48,452.57,190.27,152.01,0.75
190,1,406.73,455.74,189.00,148.77,0.80
191,1,404.41,453.98,185.06,149.02,0.84
192,1,401.96,451.85,178.73,150.52,0.78
193,1,396.18,450.93,199.19,151.12,0.59
194,1,394.75,454.47,167.06,144.07,0.61
196,1,443.27,461.34,107.55,89.77,0.56
198,1,473.58,480.55,115.01,73.38,0.77
199,1,481.07,494.96,133.90,71.92,0.67
200,1,466.14,512.05,176.23,68.65,0.81
201,1,464.44,511.18,208.97,89.14,0.86
202,1,487.12,512.57,220.39,105.50,0.86
203,1,512.96,514.16,220.52,120.38,0.85
204,1,539.28,514.05,212.47,136.92,0.80
205,1,567.59,514.50,193.95,154.62,0.72
206,1,598.21,515.78,156.27,159.53,0.86
207,1,621.24,521.70,122.47,151.38,0.80
208,1,639.25,521.38,95.12,146.27,0.54
209,2,164.00,450.00,89.00,98.00,0.74
211,1,647.61,554.56,72.61,88.74,0.69
212,1,643.82,560.39,69.15,69.90,0.79
213,1,638.52,556.95,68.95,68.49,0.72
214,1,633.84,555.35,71.82,66.63,0.65
215,1,630.80,553.85,73.56,66.32,0.68
216,1,623.56,551.79,81.70,67.13,0.66
217,1,622.87,549.61,81.43,67.54,0.64
218,1,620.01,546.71,84.59,68.50,0.68
219,1,622.87,545.64,81.85,68.25,0.65
220,1,621.39,545.24,84.06,68.24,0.64
221,1,623.48,545.76,81.60,66.95,0.69
222,1,627.67,543.92,77.95,67.21,0.73
223,1,630.60,542.58,76.57,67.35,0.75
224,1,633.68,542.10,74.73,66.78,0.72
225,1,636.82,540.59,72.05,66.61,0.76
226,1,639.30,538.04,70.41,67.25,0.83
227,1,640.84,537.11,69.17,66.85,0.80
228,1,641.35,536.13,68.07,68.06,0.83
229,1,642.16,533.15,68.39,69.85,0.80
230,1,641.08,531.39,69.20,69.88,0.81
231,1,640.64,528.79,70.20,71.22,0.82
232,1,639.78,527.19,70.59,72.38,0.80
233,1,639.44,526.62,70.76,72.17,0.82
234,1,639.28,525.80,71.49,72.09,0.82
235,1,639.21,523.56,71.78,74.03,0.79
236,1,639.83,522.75,71.89,74.10,0.79
237,1,640.06,519.21,73.92,76.74,0.73
238,1,643.40,519.20,74.02,76.43,0.76
239,1,645.98,517.30,73.40,78.26,0.71
240,1,642.32,508.17,80.42,88.04,0.67
241,1,653.70,514.13,70.91,81.06,0.77
242,1,659.83,516.89,66.12,77.27,0.76
243,1,656.45,512.61,68.56,79.19,0.74
244,1,652.63,508.46,69.40,80.53,0.83
245,1,645.83,506.93,71.72,79.07,0.79
246,1,639.98,506.41,75.87,78.48,0.62
248,1,632.76,503.88,96.09,96.88,0.74
249,1,633.71,502.82,99.23,107.64,0.85
250,1,635.43,504.27,85.95,94.06,0.68
251,1,634.90,505.73,95.06,107.91,0.84
252,1,634.06,504.31,98.14,117.00,0.86
253,1,633.75,502.52,99.96,122.52,0.86
254,1,636.87,504.33,97.40,122.16,0.81
255,1,641.41,507.03,76.02,89.86,0.79
256,1,649.06,507.59,76.51,105.22,0.67
257,1,658.15,507.70,61.75,84.88,0.79
258,1,668.91,508.53,53.90,75.54,0.86
259,1,677.29,510.95,50.13,72.52,0.77
260,1,686.30,511.75,46.18,75.08,0.81
261,1,692.63,514.73,48.04,75.31,0.80
262,1,702.91,519.88,45.86,75.46,0.81
263,1,708.37,529.15,47.36,70.16,0.74
264,1,716.23,518.71,47.91,82.76,0.51
265,1,722.89,511.54,50.22,97.63,0.72
268,1,735.11,549.94,53.29,69.57,0.64
269,1,738.82,560.90,51.91,62.39,0.57
270,1,742.00,565.87,53.38,64.18,0.57
271,1,741.77,572.23,52.61,63.36,0.52
273,3,623.00,585.00,163.00,131.00,0.71
274,3,643.00,596.20,151.80,117.40,0.53
279,3,450.74,523.32,331.51,190.67,0.61
285,4,223.00,342.00,63.00,83.00,0.77
286,4,232.60,343.60,60.60,100.60,0.80
287,4,246.96,341.00,57.79,128.36,0.84
288,4,261.17,343.27,56.09,158.31,0.80
289,4,277.18,351.20,55.68,185.00,0.85
290,4,291.23,375.56,55.62,193.39,0.79
291,4,307.49,411.40,54.93,165.03,0.68
292,4,321.64,449.71,57.56,150.52,0.76
293,4,337.06,481.56,60.51,163.17,0.77
294,4,351.61,509.48,67.58,163.84,0.72
295,4,368.37,532.41,66.41,155.74,0.81
296,4,382.86,545.82,63.85,127.99,0.78
297,4,409.06,559.26,51.47,110.70,0.63
