60,1,647.00,605.00,83.00,99.00,0.82
61,1,643.00,605.00,82.20,98.20,0.75
65,1,617.82,601.13,85.88,99.94,0.57
66,1,613.57,600.08,81.89,100.81,0.64
68,1,604.68,599.73,78.68,105.92,0.51
69,1,599.21,601.81,77.35,103.48,0.63
70,1,595.43,601.91,73.48,103.25,0.71
71,1,591.56,601.27,70.73,100.47,0.57
73,1,580.29,596.23,69.07,104.02,0.72
74,1,576.30,596.49,66.25,104.82,0.66
75,1,573.04,597.26,65.95,104.45,0.64
76,1,570.70,598.24,65.18,106.93,0.71
77,1,566.01,599.27,66.93,107.19,0.76
78,1,563.10,598.37,66.26,107.92,0.73
79,1,557.54,600.66,65.34,108.18,0.59
80,1,550.97,600.89,65.01,110.89,0.72
81,1,541.37,600.32,68.91,109.28,0.61
82,1,528.19,599.44,74.23,109.94,0.66
86,1,490.01,614.99,68.86,99.46,0.52
88,1,459.03,624.41,64.85,90.79,0.77
89,1,438.87,629.59,69.01,85.75,0.81
90,1,418.36,630.56,72.33,84.81,0.69
91,1,395.27,630.15,78.13,85.88,0.68
92,1,373.90,631.96,80.36,83.62,0.54
105,2,298.00,588.00,103.00,113.00,0.70
106,2,304.40,584.80,102.20,109.00,0.69
107,2,307.18,577.16,106.68,106.66,0.78
108,2,310.40,565.99,107.42,105.12,0.78
109,2,311.37,552.22,111.22,105.48,0.85
110,2,311.61,540.16,112.43,106.38,0.84
111,2,312.30,528.00,111.36,108.84,0.83
112,2,312.48,517.23,110.17,111.09,0.85
113,2,309.76,510.34,112.41,113.93,0.83
114,2,306.73,503.51,114.52,120.30,0.85
115,2,301.59,500.57,115.94,124.62,0.85
116,2,293.68,499.80,119.07,125.58,0.83
117,2,285.48,499.88,120.21,126.52,0.72
118,2,273.85,500.86,124.52,129.42,0.80
119,2,257.18,503.39,129.36,126.57,0.75
120,2,239.23,499.41,136.98,136.58,0.71
121,2,215.17,479.48,148.80,160.67,0.79
122,2,210.25,488.89,142.72,158.35,0.75
125,2,196.71,471.25,172.67,145.47,0.54
169,3,197.00,468.00,90.00,236.00,0.71
170,3,197.80,468.80,90.00,236.00,0.67
171,3,199.50,468.95,91.54,236.00,0.59
172,3,200.06,469.01,91.29,237.56,0.62
173,3,200.19,469.02,91.16,238.04,0.57
174,3,200.92,469.02,89.65,238.17,0.53
188,3,181.27,518.51,104.84,180.62,0.55
252,4,339.00,299.00,272.00,279.00,0.77
253,3,112.01,586.01,110.00,108.03,0.62
254,5,260.00,453.00,250.00,225.00,0.86
255,5,228.00,514.60,233.20,189.00,0.70
256,5,131.09,555.58,296.86,158.11,0.84
257,5,108.75,568.27,290.88,147.24,0.70
258,5,112.25,572.04,257.38,142.91,0.60
259,5,116.56,573.97,234.10,142.24,0.57
260,5,120.79,579.98,218.50,136.53,0.59
261,5,120.86,576.34,212.22,139.45,0.57
262,5,121.42,548.36,206.84,167.15,0.59
263,5,120.01,541.47,207.39,174.61,0.61
264,5,121.21,494.48,241.67,221.78,0.53
662,6,337.00,337.00,75.00,80.00,0.73
663,6,337.00,337.80,75.00,84.00,0.70
664,6,337.77,337.95,85.79,84.00,0.72
665,6,336.59,335.69,95.28,94.04,0.74
666,6,332.67,332.85,102.66,102.17,0.71
667,6,331.17,329.13,104.47,110.43,0.77
668,6,329.98,333.00,102.75,110.79,0.85
669,6,330.26,334.67,99.73,111.23,0.85
670,6,329.76,336.02,97.68,113.16,0.86
671,6,329.62,335.24,96.76,116.37,0.85
672,6,328.93,335.61,96.31,119.41,0.85
673,6,328.05,335.76,95.38,121.76,0.86
674,6,328.41,333.24,93.61,124.47,0.84
675,6,329.26,334.85,90.88,123.46,0.86
676,6,328.26,334.86,89.80,123.56,0.87
677,6,327.91,334.22,89.38,124.79,0.87
678,6,327.80,332.03,88.55,125.82,0.86
679,6,327.11,334.45,88.89,122.87,0.87
680,6,325.54,336.07,88.35,120.94,0.87
681,6,324.97,336.03,88.81,120.80,0.87
682,6,324.78,336.01,88.97,120.04,0.87
683,6,324.74,336.67,89.03,119.04,0.87
684,6,324.74,336.92,88.39,118.62,0.87
685,6,324.76,337.01,88.14,118.44,0.87
686,6,323.46,336.37,88.05,119.00,0.87
687,6,322.99,334.15,88.01,121.17,0.87
688,6,322.83,332.66,88.00,122.63,0.87
689,6,322.79,332.10,87.99,123.16,0.87
690,6,322.79,331.24,87.99,123.98,0.87
691,6,323.47,330.93,87.33,124.27,0.87
692,6,325.06,330.17,86.42,126.32,0.86
693,6,325.67,330.55,86.75,126.42,0.86
694,6,326.56,330.72,85.55,126.42,0.86
695,6,328.23,330.14,85.10,126.39,0.86
696,6,329.51,331.24,84.95,124.38,0.86
697,6,329.97,333.67,84.90,122.92,0.86
698,6,330.13,333.92,84.22,123.69,0.86
699,6,330.18,334.01,83.98,124.63,0.84
700,6,330.18,332.07,84.57,128.27,0.86
701,6,330.17,331.33,84.13,129.63,0.86
702,6,330.15,329.74,83.97,131.44,0.86
703,6,330.13,331.10,83.92,129.49,0.87
704,6,329.45,332.30,84.57,127.38,0.86
705,6,328.53,333.42,84.16,125.23,0.87
706,6,328.18,333.84,83.35,124.42,0.86
707,6,327.38,335.32,84.38,121.46,0.87
708,6,327.75,335.87,83.45,120.35,0.86
709,6,327.89,335.40,83.10,119.96,0.86
710,6,327.95,335.21,82.97,118.50,0.86
711,6,327.97,335.80,82.93,119.30,0.86
712,6,329.97,336.01,82.26,118.96,0.85
713,6,331.38,336.08,81.35,119.51,0.85
714,6,331.91,336.76,81.02,119.07,0.85
715,6,331.42,337.01,81.57,118.92,0.86
716,6,331.23,335.77,82.45,120.86,0.86
717,6,330.49,334.64,83.44,122.91,0.85
718,6,332.18,332.89,82.51,127.62,0.87
719,6,333.48,330.29,81.49,133.29,0.86
720,6,337.28,330.58,78.45,136.10,0.85
721,6,341.38,332.01,74.62,137.81,0.82
722,6,344.89,329.33,71.88,142.31,0.81
723,6,346.79,327.67,70.25,145.29,0.78
724,6,348.77,329.62,69.70,144.45,0.82
725,6,350.11,332.36,69.55,142.74,0.82
726,6,351.21,332.77,68.19,145.30,0.81
727,6,352.90,332.27,67.73,147.54,0.76
728,6,354.13,332.73,66.26,147.05,0.79
729,6,354.52,332.25,66.43,148.76,0.80
730,6,355.95,334.03,66.52,148.72,0.85
731,6,356.43,334.72,66.59,148.65,0.85
732,6,356.56,335.63,66.65,147.92,0.85
733,6,357.23,335.31,66.03,148.27,0.86
734,6,356.76,335.18,67.15,149.02,0.86
735,6,355.90,335.78,68.90,150.60,0.86
736,6,356.20,336.66,70.23,150.51,0.87
737,6,356.95,336.32,70.09,152.41,0.86
738,6,357.21,335.53,70.69,154.42,0.87
739,6,358.60,335.23,70.92,158.42,0.85
740,6,359.76,335.10,70.34,160.56,0.88
741,6,360.17,334.40,70.12,163.29,0.88
742,6,361.62,334.78,69.38,163.64,0.88
743,6,360.81,335.58,71.75,165.68,0.88
744,6,360.50,335.89,73.28,166.40,0.87
745,6,360.35,336.00,73.86,166.63,0.88
746,6,360.28,336.70,74.07,166.01,0.89
747,6,360.89,337.61,73.49,165.72,0.88
748,6,361.76,335.98,73.91,166.89,0.87
749,6,362.08,336.01,74.71,167.29,0.87
750,6,364.15,333.39,74.36,170.70,0.87
751,6,364.92,333.71,74.21,170.00,0.87
752,6,365.19,333.18,74.14,170.99,0.87
753,6,365.27,333.65,74.77,170.02,0.87
754,6,365.28,333.17,75.00,170.93,0.87
755,6,364.60,333.66,75.73,169.93,0.86
756,6,364.33,334.51,76.00,168.20,0.87
757,6,364.87,335.49,75.44,166.86,0.87
758,6,364.40,335.87,75.87,165.68,0.87
759,6,364.22,336.00,76.03,165.23,0.88
760,6,365.46,336.71,76.08,164.40,0.88
761,6,365.92,334.98,76.09,164.75,0.88
762,6,366.08,335.65,76.09,164.23,0.87
763,6,366.13,335.90,76.08,164.03,0.87
764,6,366.80,337.32,75.41,161.98,0.88
765,6,367.04,337.85,75.16,161.88,0.88
766,6,367.12,338.70,75.06,160.52,0.88
767,6,367.14,339.01,75.02,160.03,0.88
768,6,367.79,339.11,74.34,159.86,0.87
769,6,367.37,339.14,74.75,159.81,0.88
770,6,367.86,338.48,74.25,160.47,0.88
771,6,368.70,338.88,74.72,160.07,0.88
772,6,369.00,338.36,74.90,160.60,0.87
773,6,369.77,338.82,74.31,160.14,0.87
774,6,370.04,338.33,74.08,160.64,0.87
775,6,370.13,338.14,74.00,160.83,0.88
776,6,370.82,336.08,72.65,161.57,0.88
777,6,365.73,338.60,73.48,154.60,0.80
778,6,363.18,335.55,70.49,146.55,0.83
779,6,358.85,329.66,70.69,142.94,0.84
780,6,357.97,328.23,68.78,134.26,0.80
781,6,355.66,323.63,72.11,130.48,0.66
782,6,351.57,330.26,76.59,111.46,0.77
783,6,343.60,334.31,85.39,93.82,0.75
784,6,338.67,336.39,91.91,82.49,0.79
785,6,334.85,340.00,75.67,69.69,0.70
788,6,331.36,337.73,53.79,51.86,0.52
789,6,332.22,335.78,55.83,49.30,0.63
831,7,176.00,424.00,169.00,291.00,0.71
832,7,179.20,424.80,167.40,289.40,0.64
833,7,181.36,424.95,167.86,289.09,0.60
834,7,185.20,423.45,164.91,288.99,0.68
835,7,187.84,422.22,163.21,290.47,0.80
836,7,193.69,493.42,159.80,221.56,0.76
837,7,190.51,486.90,155.85,225.75,0.52
838,7,198.46,488.59,138.32,145.30,0.53
839,7,211.36,477.32,128.65,120.58,0.79
840,7,220.41,465.18,122.89,126.40,0.87
841,7,227.45,451.31,116.26,138.98,0.77
842,7,233.10,443.39,110.04,149.54,0.85
843,7,241.14,435.97,102.55,156.41,0.84
844,7,248.55,430.75,96.05,159.86,0.87
845,7,253.56,427.69,93.50,157.29,0.88
846,7,257.81,421.45,92.89,157.09,0.86
847,7,262.51,416.00,91.49,157.75,0.88
848,7,262.51,414.18,93.29,158.07,0.89
849,7,262.36,415.03,96.08,155.58,0.89
850,7,261.48,417.58,99.87,151.36,0.90
851,7,262.35,419.39,102.67,149.19,0.89
852,7,263.22,420.18,101.81,148.46,0.90
853,7,264.73,420.58,100.88,148.26,0.89
854,7,265.18,422.15,100.57,149.58,0.88
855,7,266.57,422.81,101.17,150.13,0.88
856,7,267.01,425.77,101.42,148.38,0.88
857,7,267.08,428.28,101.55,146.44,0.88
858,7,268.35,429.92,100.97,143.75,0.88
859,7,268.75,430.55,100.11,142.81,0.88
860,7,269.49,431.46,99.15,141.84,0.88
861,7,269.04,432.47,99.48,140.19,0.88
862,7,268.81,432.85,99.63,139.63,0.88
863,7,270.00,433.65,99.04,138.81,0.88
864,7,271.73,434.62,98.84,139.21,0.88
865,7,273.00,434.30,98.79,138.74,0.87
866,7,276.07,434.17,98.78,137.27,0.87
867,7,279.17,433.45,98.14,140.10,0.88
868,7,282.27,433.18,97.24,142.48,0.89
869,7,285.35,432.41,96.93,145.38,0.88
870,7,288.43,432.78,96.16,145.17,0.89
871,7,293.50,431.60,95.23,143.77,0.88
872,7,296.64,431.16,95.56,138.60,0.85
873,7,303.03,431.67,97.70,127.94,0.74
874,7,308.62,429.81,101.79,126.75,0.59
875,7,312.60,426.46,102.04,110.18,0.85
876,7,315.97,419.53,101.47,101.91,0.84
877,7,320.42,413.73,98.60,94.36,0.81
878,7,321.95,408.29,97.50,88.46,0.84
879,7,322.40,403.01,96.43,85.29,0.83
880,7,321.11,398.54,96.71,81.61,0.83
881,7,319.87,395.04,97.48,79.86,0.84
882,7,319.32,393.29,97.78,79.44,0.83
883,7,319.04,390.73,97.90,79.44,0.84
884,7,318.86,389.26,97.95,78.20,0.83
885,7,318.08,388.19,99.29,77.20,0.82
886,7,317.75,386.55,99.79,76.95,0.83
887,7,317.58,385.38,99.98,76.95,0.81
888,7,316.82,385.05,100.71,77.04,0.81
889,7,315.84,385.68,99.66,77.14,0.82
890,7,315.45,388.67,98.59,75.23,0.81
891,7,313.95,389.86,97.52,74.58,0.82
892,7,312.05,390.33,97.12,75.08,0.82
893,7,310.67,389.87,98.31,75.97,0.83
894,7,310.16,390.39,98.09,75.68,0.83
895,7,309.97,390.61,98.02,74.27,0.82
896,7,309.25,389.38,99.31,73.79,0.81
897,7,308.99,388.27,100.45,74.31,0.80
898,7,308.90,387.88,100.89,74.53,0.81
899,7,308.87,387.76,100.38,74.64,0.81
900,7,308.88,387.74,100.18,74.70,0.81
901,7,307.56,386.42,100.76,76.07,0.81
902,7,307.08,384.63,100.98,77.25,0.82
903,7,306.91,383.97,101.05,77.05,0.81
904,7,307.52,386.39,98.43,80.28,0.83
905,7,305.10,395.10,96.76,80.83,0.83
906,7,299.54,409.62,92.81,80.38,0.85
907,7,292.08,429.63,84.60,82.18,0.78
908,7,283.14,454.03,76.75,84.80,0.81
909,7,270.94,480.08,71.27,90.97,0.58
910,7,259.17,505.19,67.41,94.59,0.52
915,8,179.00,424.00,156.00,292.00,0.72
916,8,172.60,424.00,167.20,291.20,0.65
917,8,166.12,424.00,176.09,291.05,0.58
918,8,174.29,424.00,163.54,291.77,0.67
919,8,175.86,424.75,158.05,291.25,0.66
920,8,176.29,425.72,157.95,289.62,0.57
921,8,177.81,426.04,160.88,289.07,0.58
922,8,180.37,425.44,155.75,289.58,0.62
923,8,182.63,425.89,158.82,289.10,0.63
954,8,239.93,513.78,111.12,106.48,0.55
958,8,214.28,545.31,203.08,169.33,0.52
959,8,212.21,550.02,211.41,173.34,0.55
961,8,217.28,578.91,209.85,145.17,0.60
962,8,217.55,581.92,200.88,137.87,0.61
964,9,324.00,518.00,76.00,97.00,0.84
964,8,215.29,582.12,168.79,136.23,0.51
965,9,328.80,500.40,86.40,91.40,0.88
965,8,214.14,581.64,156.68,136.23,0.69
966,9,335.60,480.45,92.01,88.73,0.82
966,8,211.69,583.34,150.18,132.85,0.78
967,9,343.29,452.64,98.53,89.48,0.85
967,8,210.11,587.14,146.00,128.18,0.66
968,9,349.37,432.10,103.52,86.74,0.85
968,8,208.83,590.38,146.09,122.39,0.51
969,9,354.10,418.41,103.10,78.48,0.84
970,9,357.64,410.08,98.57,72.12,0.78
971,9,357.27,395.77,93.24,75.51,0.83
972,9,352.71,379.59,91.90,87.00,0.85
973,9,348.24,366.12,90.72,98.16,0.86
974,9,342.43,358.06,88.23,105.12,0.85
975,9,332.71,354.15,94.81,109.78,0.86
976,9,325.35,353.13,101.72,112.84,0.87
977,9,321.89,353.85,105.65,114.59,0.88
978,9,321.24,354.58,105.22,116.46,0.87
979,9,320.43,355.87,106.92,119.03,0.87
980,9,320.82,357.32,106.87,118.66,0.86
981,9,321.71,360.21,108.09,114.52,0.84
982,9,322.74,363.70,107.21,105.53,0.86
983,9,325.83,365.43,104.84,101.99,0.86
984,9,329.04,365.56,102.56,98.01,0.86
985,9,330.27,365.15,101.67,94.51,0.87
986,9,330.07,366.55,100.66,89.85,0.86
987,9,330.66,367.94,100.94,85.44,0.85
988,9,330.23,367.21,99.71,83.92,0.83
989,9,330.06,367.72,99.91,81.40,0.84
990,9,331.32,366.64,99.98,78.51,0.86
991,9,331.80,364.28,100.00,78.24,0.86
992,9,331.98,363.50,100.67,76.85,0.86
993,9,332.70,361.94,102.24,76.42,0.85
994,9,332.97,362.11,102.83,74.30,0.86
995,9,333.06,361.58,103.05,74.27,0.86
996,9,333.09,361.43,103.12,73.64,0.85
997,9,332.43,361.43,103.79,74.14,0.85
998,9,331.52,361.47,103.38,74.36,0.85
999,9,330.51,361.52,101.23,74.49,0.84
1000,9,330.79,362.24,98.41,72.57,0.84
1001,9,329.57,363.23,97.35,71.21,0.85
1002,9,328.45,364.28,97.65,70.08,0.85
1003,9,329.37,364.68,97.77,69.70,0.86
1004,9,329.73,367.52,98.49,68.26,0.85
1005,9,329.87,369.25,98.77,67.09,0.82
1006,9,330.59,375.94,97.56,61.99,0.79
1007,9,330.20,378.41,98.44,60.15,0.82
1008,9,330.05,380.60,98.77,60.25,0.82
1009,9,330.66,381.34,97.58,62.36,0.79
1010,9,330.89,384.88,97.13,59.84,0.75
1011,9,330.32,390.23,97.64,57.56,0.75
1012,9,330.10,394.15,97.83,54.74,0.74
1013,9,330.68,397.52,96.59,53.79,0.75
1014,9,329.57,398.63,96.79,54.18,0.80
1015,9,329.16,400.97,96.21,54.36,0.81
1016,9,328.34,401.74,96.66,55.15,0.79
1017,9,327.38,401.95,96.17,55.47,0.76
1018,9,327.69,403.94,96.66,55.61,0.78
1019,9,328.48,404.61,96.19,55.69,0.78
1020,9,329.45,406.78,95.35,55.08,0.75
1021,9,329.82,408.19,94.38,54.87,0.74
1022,9,331.28,408.65,94.02,54.14,0.76
1023,9,331.16,408.08,93.24,55.22,0.80
1024,9,330.45,407.83,93.62,55.63,0.79
1025,9,330.17,407.68,94.44,55.80,0.79
1026,9,330.07,407.58,94.76,55.87,0.78
1027,9,329.37,408.16,94.88,55.91,0.78
1028,9,327.78,407.03,95.59,57.25,0.78
1029,9,327.19,406.58,95.21,58.40,0.79
1030,9,326.97,406.39,95.06,58.85,0.79
1031,9,326.90,406.29,95.00,58.35,0.78
1032,9,326.88,406.24,94.98,58.16,0.78
1033,9,326.89,406.20,94.98,58.08,0.76
1034,9,326.90,404.86,94.98,59.37,0.78
1035,9,326.91,403.03,94.98,59.85,0.80
1036,9,326.92,402.33,94.98,60.03,0.80
1037,9,326.93,402.07,94.98,60.08,0.80
1038,9,326.93,401.97,94.33,60.10,0.77
1039,9,326.94,401.28,94.08,61.41,0.78
1040,9,326.29,401.03,95.31,61.90,0.78
1041,9,326.05,400.94,95.78,62.08,0.78
1042,9,325.96,400.91,95.95,62.13,0.78
1043,9,325.27,401.57,94.70,60.83,0.72
1044,9,325.02,401.82,94.22,60.32,0.67
1045,9,324.93,401.92,94.04,60.12,0.63
1046,9,325.57,401.96,91.99,59.39,0.64
1047,9,324.49,401.98,91.89,59.11,0.66
1048,9,324.75,400.66,93.19,59.01,0.72
1049,9,325.52,399.50,95.66,59.63,0.77
1050,9,326.47,399.07,95.94,59.87,0.82
1051,9,328.15,398.92,96.04,59.96,0.81
1052,9,330.10,398.22,96.73,60.66,0.80
1053,9,331.49,399.28,98.96,62.89,0.80
1054,9,331.35,400.33,101.10,66.98,0.84
1055,9,332.58,405.86,102.55,69.17,0.84
1056,9,331.08,412.55,107.00,73.87,0.82
1057,9,331.14,421.47,109.96,74.40,0.86
1057,10,208.00,599.00,150.00,115.00,0.71
1058,9,330.51,428.24,113.02,77.78,0.86
1058,10,209.60,605.40,153.20,110.20,0.57
1059,9,330.90,433.35,115.45,84.79,0.84
1059,10,210.67,609.78,148.45,106.14,0.68
1060,9,331.04,437.81,116.35,91.25,0.72
1061,9,331.09,442.04,117.29,97.55,0.85
1062,9,330.45,446.79,118.25,101.28,0.85
1063,9,328.25,451.77,120.52,105.23,0.83
1064,9,326.75,455.57,121.99,108.62,0.82
1065,9,326.18,457.62,122.51,111.15,0.85
1066,9,326.62,457.69,121.35,112.70,0.86
1067,9,327.45,460.81,119.54,110.66,0.84
1067,10,205.02,622.97,148.97,93.12,0.57
1068,9,327.78,462.57,118.80,109.08,0.85
1069,9,330.55,459.88,117.18,111.00,0.87
1070,9,333.58,456.21,115.21,112.33,0.88
1071,9,335.38,452.11,113.12,114.07,0.89
1072,9,337.36,449.82,113.01,115.33,0.89
1073,9,338.07,448.25,112.97,116.39,0.89
1074,9,336.98,446.96,114.94,116.09,0.89
1075,9,334.57,445.79,117.00,115.91,0.89
1076,9,332.32,442.72,119.75,117.09,0.91
1077,9,329.50,438.27,121.43,120.10,0.91
1077,10,251.47,579.26,151.92,132.04,0.69
1078,9,326.46,435.29,123.36,121.21,0.90
1078,10,258.35,577.87,154.10,132.00,0.60
1079,9,322.69,433.50,126.03,121.59,0.89
1079,10,267.24,579.38,154.17,131.77,0.71
1080,9,318.67,434.15,128.32,122.33,0.89
1080,10,273.11,582.65,155.49,130.29,0.62
1081,9,316.51,435.09,127.87,121.91,0.89
1081,10,272.54,584.67,160.59,129.62,0.54
1082,9,318.34,438.10,122.41,119.73,0.90
1082,10,277.42,589.41,159.24,124.75,0.55
1083,9,318.45,440.60,118.25,117.52,0.89
1084,9,313.17,443.55,117.37,115.34,0.80
1085,9,307.93,443.98,117.05,115.83,0.68
1086,9,304.71,446.11,112.95,112.70,0.86
1087,9,298.19,444.89,112.09,112.17,0.86
1088,9,295.89,443.09,107.78,109.99,0.90
1089,9,288.38,439.06,110.27,111.18,0.88
1089,10,314.54,615.12,154.34,99.64,0.64
1090,9,284.42,435.58,109.86,111.64,0.86
1090,10,321.23,622.28,154.67,92.59,0.67
1091,9,280.40,430.31,109.74,114.47,0.85
1091,10,328.76,625.63,154.10,87.86,0.69
1092,9,277.69,425.74,108.38,116.84,0.86
1092,10,334.03,625.95,151.91,88.48,0.75
1093,9,276.15,423.39,108.57,118.40,0.86
1093,10,337.12,624.62,151.10,90.15,0.78
1094,9,276.36,423.20,107.33,118.98,0.88
1094,10,336.07,624.06,152.16,90.84,0.75
1095,9,276.56,423.20,107.56,119.83,0.88
1095,10,336.16,624.45,151.25,90.49,0.77
1096,9,276.73,425.87,108.33,118.83,0.88
1096,10,335.36,625.89,152.25,88.40,0.73
1097,9,278.20,429.59,109.30,117.76,0.88
1097,10,335.58,627.04,151.32,86.33,0.75
1098,9,278.17,432.35,111.00,118.00,0.89
1098,10,332.88,627.41,152.97,86.32,0.73
1099,9,278.87,433.40,112.30,120.07,0.89
1099,10,331.11,628.85,152.28,85.69,0.72
1100,9,277.87,434.45,112.80,120.83,0.90
1100,10,326.37,630.00,162.62,84.83,0.66
1101,9,278.20,434.86,111.67,121.11,0.89
1101,10,314.30,630.38,174.80,84.57,0.65
1102,9,279.04,435.00,110.57,121.19,0.89
1102,10,289.21,628.47,222.15,85.85,0.61
1103,9,279.39,434.40,109.50,122.53,0.89
1103,10,278.53,629.06,240.11,85.69,0.60
1104,9,281.55,434.16,108.43,123.67,0.89
1104,10,275.14,627.92,248.36,86.33,0.63
1105,9,284.38,433.41,107.38,125.40,0.90
1105,10,290.11,627.47,234.00,86.59,0.63
1106,9,286.78,432.47,107.00,128.00,0.90
1106,10,306.22,627.29,191.92,86.71,0.64
1107,9,286.34,431.47,110.19,130.92,0.87
1107,10,309.36,628.53,182.23,86.11,0.64
1108,9,286.83,431.73,110.07,134.61,0.88
1108,10,308.37,628.98,195.94,86.56,0.64
1109,9,288.99,434.43,108.71,134.05,0.89
1109,10,304.14,629.14,205.29,86.75,0.65
1110,9,290.47,435.49,107.53,134.43,0.89
1110,10,308.30,628.52,201.11,87.49,0.65
1111,9,291.00,437.86,106.43,133.22,0.90
1111,10,313.96,628.27,190.68,87.77,0.63
1112,9,289.85,438.75,106.02,133.37,0.89
1112,10,314.12,628.17,187.90,87.89,0.62
1113,9,290.06,439.08,105.22,134.06,0.89
1113,10,311.50,628.12,198.19,87.94,0.64
1114,9,290.13,441.15,104.27,133.63,0.89
1114,10,311.83,628.76,199.34,87.30,0.62
1115,9,290.81,443.24,102.60,133.44,0.90
1115,10,310.65,628.33,199.71,87.72,0.63
1116,9,289.05,445.99,102.67,132.02,0.89
1116,10,306.91,629.48,203.07,86.56,0.62
1117,9,288.38,446.33,102.71,132.13,0.89
1117,10,309.42,629.91,202.33,86.13,0.65
1118,9,288.13,447.09,102.75,131.49,0.89
1118,10,311.06,630.06,201.31,85.97,0.66
1119,9,288.04,447.34,102.78,131.90,0.89
1119,10,309.72,629.45,201.53,86.58,0.64
1120,9,288.00,448.72,102.81,131.39,0.88
1120,10,311.84,629.21,199.59,86.82,0.66
1121,9,285.34,449.87,104.82,131.18,0.87
1121,10,315.30,629.11,190.21,86.91,0.63
1122,9,286.98,452.91,103.60,129.12,0.86
1122,10,314.59,628.41,194.00,87.61,0.64
1123,9,286.29,454.69,103.14,127.67,0.86
1123,10,314.32,628.14,192.73,87.88,0.63
1124,9,285.38,455.31,103.64,127.80,0.87
1124,10,313.54,628.04,192.24,87.98,0.62
1125,9,285.04,457.48,103.17,126.53,0.87
1125,10,311.91,628.66,192.06,87.35,0.61
1126,9,284.26,458.92,102.34,126.06,0.87
1126,10,304.00,628.90,199.28,87.11,0.60
1127,9,283.98,459.41,102.03,125.90,0.87
1127,10,300.42,628.32,204.58,87.69,0.60
1128,9,283.89,459.54,101.26,125.85,0.87
1128,10,302.32,628.11,202.68,87.90,0.60
1129,9,283.86,459.55,100.99,125.85,0.86
1129,10,303.78,626.71,197.94,88.64,0.59
1130,9,284.53,458.84,99.57,126.52,0.87
1130,10,305.70,627.50,195.43,88.26,0.59
1131,9,283.46,458.55,99.04,127.44,0.86
1131,10,307.77,626.48,189.17,88.77,0.61
1132,9,283.07,458.41,98.87,127.14,0.87
1132,10,308.56,625.44,189.50,89.62,0.62
1133,9,282.93,458.99,98.82,126.36,0.87
1133,10,310.18,625.06,184.33,89.94,0.62
1134,9,282.89,459.85,98.81,125.41,0.87
1134,10,308.78,624.92,182.40,90.05,0.60
1135,9,283.55,460.15,99.49,125.06,0.87
1135,10,304.91,624.88,185.75,90.08,0.60
1136,9,283.80,460.24,99.75,124.27,0.87
1136,10,287.62,624.88,202.23,90.09,0.59
1137,9,283.90,460.25,100.52,123.99,0.86
1137,10,285.07,625.54,203.20,89.43,0.59
1138,9,283.28,459.58,102.14,124.55,0.86
1138,10,277.65,625.80,211.35,89.17,0.61
1139,9,283.05,459.31,102.75,125.44,0.86
1139,10,267.15,625.91,226.03,89.07,0.62
1140,9,282.97,459.19,102.97,125.78,0.86
1140,10,267.62,625.95,226.55,89.03,0.61
1141,9,282.94,459.14,103.05,125.91,0.86
1141,10,263.47,625.30,235.02,89.68,0.62
1142,9,282.94,459.11,103.08,125.96,0.86
1142,10,267.09,625.06,228.56,89.92,0.59
1143,9,280.96,459.09,103.74,125.32,0.85
1143,10,287.72,626.96,209.41,88.69,0.60
1144,9,280.88,460.40,102.01,125.08,0.87
1144,10,299.25,629.67,199.82,85.56,0.59
1145,9,280.20,461.55,99.35,125.66,0.87
1146,9,278.62,461.31,95.68,125.21,0.89
1147,9,274.68,461.21,94.33,127.03,0.88
1148,9,269.24,461.16,93.19,128.37,0.91
1149,9,259.89,460.48,92.13,129.53,0.90
1150,9,249.79,462.18,91.77,129.31,0.89
1151,9,238.13,464.80,91.00,127.23,0.90
1152,9,223.90,468.43,90.74,129.08,0.89
1153,9,208.12,471.08,95.35,127.80,0.86
1154,9,195.92,470.06,98.35,133.25,0.86
1155,9,191.46,471.62,96.26,128.77,0.87
1156,9,186.80,472.84,94.10,122.98,0.89
1157,9,182.67,471.24,91.96,119.46,0.84
1158,9,180.07,469.95,90.51,126.95,0.84
1159,9,177.35,468.18,90.66,130.29,0.83
1160,9,175.89,463.56,92.06,135.49,0.83
1161,9,172.22,463.72,93.92,135.53,0.87
1162,9,171.02,461.84,95.28,138.11,0.85
1163,9,168.77,439.66,97.77,162.50,0.85
1164,9,168.07,429.01,98.71,171.50,0.87
1165,9,169.27,424.01,97.75,173.89,0.86
1166,9,171.22,426.58,96.70,170.23,0.83
1167,9,172.75,434.24,96.95,163.41,0.83
1168,9,174.08,448.53,95.72,149.45,0.84
1169,9,175.34,454.78,93.93,140.59,0.86
1170,9,175.90,457.05,92.58,136.70,0.86
1171,9,176.84,457.18,92.76,136.67,0.87
1172,9,175.91,456.54,95.49,137.35,0.87
1173,9,176.24,456.28,96.51,138.29,0.88
1174,9,177.73,455.51,96.24,139.33,0.88
1175,9,178.34,455.21,96.13,139.73,0.87
1176,9,178.59,455.76,96.08,138.56,0.87
1177,9,178.71,455.96,96.06,138.78,0.87
1178,9,178.77,454.71,96.05,140.20,0.85
1179,9,178.81,454.89,96.04,138.10,0.86
1180,9,178.17,454.96,97.36,137.30,0.86
1181,9,178.60,454.99,96.53,137.01,0.86
1182,9,178.12,455.66,97.53,136.91,0.86
1183,9,177.94,455.25,97.91,138.21,0.86
1184,9,177.89,451.80,98.04,141.34,0.83
1185,9,177.88,448.53,98.08,143.18,0.83
1186,9,177.88,449.26,96.77,139.94,0.83
1187,9,176.57,450.24,96.93,137.34,0.82
1188,9,174.76,450.63,98.31,135.70,0.82
1189,9,174.10,433.47,98.83,153.08,0.84
1190,9,173.86,427.31,99.02,159.32,0.85
1191,9,174.45,423.62,97.10,164.35,0.85
1192,9,175.36,422.25,97.03,166.90,0.86
1193,9,176.37,421.82,95.68,167.17,0.85
1194,9,177.43,423.05,95.84,166.53,0.85
1195,9,177.82,422.31,95.90,166.85,0.86
1196,9,177.97,422.75,95.27,166.26,0.85
1197,9,178.68,423.64,95.70,165.96,0.85
1198,9,178.95,429.30,95.86,160.55,0.84
1199,9,181.02,437.52,93.95,150.41,0.85
1200,9,181.80,437.94,94.56,149.96,0.85
1201,9,182.74,429.39,95.45,157.16,0.86
1202,9,185.06,431.48,95.14,153.28,0.86
1203,9,186.58,429.02,95.02,155.07,0.86
1204,9,188.44,432.08,94.31,151.77,0.86
1205,9,187.79,431.28,94.72,153.17,0.86
1206,9,187.52,431.65,94.87,153.04,0.86
1207,9,186.72,427.17,96.26,158.28,0.86
1208,9,186.41,424.20,96.78,162.20,0.87
1209,9,184.95,423.08,97.63,163.68,0.88
1210,9,185.70,422.69,97.29,164.22,0.88
1211,9,184.00,423.23,97.81,163.73,0.87
1212,9,184.01,422.82,96.69,164.83,0.87
1213,9,184.68,422.69,95.59,165.22,0.87
1214,9,184.92,422.67,96.50,165.33,0.87
1215,9,184.35,422.68,96.18,165.35,0.87
1216,9,184.13,427.32,96.06,160.72,0.87
1217,9,184.05,435.11,96.02,152.26,0.87
1218,9,184.02,435.32,96.00,152.48,0.87
1219,9,184.00,436.71,95.99,150.57,0.88
1220,9,184.00,437.19,95.99,150.56,0.88
1221,9,185.32,438.01,95.33,149.26,0.88
1222,9,185.82,435.61,95.08,150.81,0.88
1223,9,186.00,432.70,94.99,153.39,0.88
1224,9,185.40,431.60,97.61,155.04,0.87
1225,9,183.86,437.11,97.94,149.09,0.88
1226,9,183.92,438.55,96.74,148.15,0.87
1227,9,183.29,441.73,97.59,145.16,0.88
1228,9,183.06,442.89,97.91,144.07,0.88
1229,9,182.97,443.28,98.03,143.70,0.88
1230,9,183.60,438.73,96.75,148.93,0.87
1231,9,183.19,431.13,97.58,155.47,0.87
1232,9,183.69,436.67,98.55,149.53,0.88
1233,9,183.89,438.90,98.91,146.47,0.88
1234,9,182.64,439.05,99.70,146.68,0.88
1235,9,182.83,435.79,99.99,149.42,0.88
1236,9,182.91,432.59,100.09,153.09,0.88
1237,9,182.94,431.38,100.78,155.13,0.88
1238,9,182.30,430.28,100.37,155.90,0.88
1239,9,182.06,429.89,100.20,156.17,0.88
1240,9,181.31,431.73,101.45,152.96,0.88
1241,9,181.69,429.80,100.60,154.37,0.88
1242,9,181.19,433.05,98.28,150.28,0.88
1243,9,183.67,436.32,95.40,143.37,0.89
1244,9,184.60,434.16,95.00,144.17,0.89
1245,9,184.27,433.39,97.53,147.81,0.89
1246,9,183.48,430.46,99.79,151.15,0.89
1247,9,185.15,431.32,98.03,148.50,0.89
1248,9,186.45,431.01,98.01,148.13,0.89
1249,9,187.59,432.89,98.00,146.01,0.90
1250,9,189.99,432.95,97.33,145.22,0.87
1251,9,190.88,433.64,97.08,143.61,0.87
1252,9,192.51,433.23,97.66,144.35,0.88
1253,9,195.08,433.08,97.21,145.31,0.88
1254,9,198.00,433.02,96.38,146.34,0.87
1255,9,201.72,433.66,94.09,145.42,0.87
1256,9,203.73,435.23,91.89,144.42,0.88
1257,9,205.09,435.15,93.11,143.38,0.88
1258,9,207.53,435.11,91.58,142.34,0.88
1259,9,207.71,435.09,91.69,141.30,0.87
1260,9,209.06,435.08,91.08,140.93,0.87
1261,9,210.17,435.07,90.21,140.81,0.87
1262,9,210.52,435.06,89.23,141.45,0.87
1263,9,211.94,435.05,88.22,141.70,0.87
1264,9,213.08,436.37,87.87,142.47,0.87
1265,9,215.45,437.52,87.09,142.11,0.86
1266,9,216.29,437.95,86.83,142.64,0.87
1267,9,217.88,438.10,86.09,142.19,0.88
1268,9,219.75,438.14,85.17,141.36,0.88
1269,9,221.06,436.15,84.18,141.05,0.88
1270,9,222.83,433.41,84.51,140.94,0.88
1271,9,228.08,432.38,81.33,139.59,0.88
1272,9,233.37,428.02,79.48,140.41,0.88
1273,9,238.59,424.43,76.81,140.07,0.88
1274,9,244.47,420.46,75.20,140.61,0.87
1275,9,249.20,418.35,74.67,138.84,0.85
1276,9,252.83,415.61,75.19,137.51,0.85
1277,9,256.72,414.65,74.75,136.36,0.86
1278,9,258.03,412.36,75.97,135.28,0.87
1279,9,259.73,409.57,77.77,134.90,0.87
1280,9,260.92,406.60,78.46,134.78,0.87
1281,9,262.58,403.56,78.08,134.09,0.87
1282,9,262.43,402.50,78.61,133.86,0.83
1283,9,262.29,401.52,79.47,135.11,0.82
1284,9,262.15,401.22,79.80,134.94,0.80
1285,9,262.02,399.85,79.93,134.88,0.85
1286,9,262.56,398.74,78.66,135.54,0.87
1287,9,262.70,397.72,78.18,136.45,0.88
1288,9,262.69,396.07,77.34,136.80,0.88
1289,9,263.97,395.51,76.37,136.27,0.87
1290,9,265.73,395.35,75.35,136.08,0.86
1291,9,267.00,394.69,74.98,136.66,0.87
1292,9,267.43,393.16,74.86,136.89,0.87
1293,9,268.87,392.63,74.17,136.97,0.87
1294,9,269.36,392.48,73.92,137.00,0.86
1295,9,268.17,392.46,74.51,137.01,0.88
1296,9,267.69,393.82,74.74,137.01,0.87
1297,9,266.15,394.36,74.18,137.01,0.85
1298,9,264.87,395.92,73.97,137.01,0.83
1299,9,263.06,397.84,72.58,137.01,0.79
1300,9,262.36,400.56,69.40,136.35,0.78
1301,9,260.75,403.58,67.55,136.76,0.65
1303,9,253.64,404.92,67.73,141.62,0.73
1304,9,247.34,407.16,69.98,141.38,0.76
1305,9,243.82,408.63,70.78,141.28,0.79
1306,9,240.58,409.81,71.72,141.22,0.64
1311,9,230.02,426.82,76.57,130.12,0.69
1312,9,227.99,428.26,79.68,130.45,0.83
1313,9,225.98,430.76,81.41,129.86,0.87
1314,9,224.63,432.95,83.35,131.01,0.87
1315,9,224.17,434.35,84.07,131.47,0.87
1316,9,224.07,436.12,84.32,132.32,0.86
1317,9,224.10,438.03,84.39,133.99,0.87
1318,9,224.17,438.03,83.08,135.94,0.86
1319,9,216.35,437.95,89.79,139.97,0.84
1320,9,210.30,438.53,93.53,140.83,0.84
1321,9,211.16,439.34,90.50,141.15,0.86
1322,9,211.65,440.90,87.23,141.24,0.86
1323,9,211.92,441.45,86.61,141.26,0.87
1324,9,210.76,441.60,87.02,141.25,0.88
1325,9,209.72,440.95,88.48,141.22,0.88
1326,9,209.38,440.66,89.01,141.20,0.88
1327,9,209.96,440.52,87.88,141.18,0.88
1328,9,210.25,440.43,87.43,142.48,0.89
1329,9,209.74,440.37,88.56,142.96,0.89
1330,9,209.58,440.98,87.01,143.12,0.89
1331,9,209.56,440.53,87.06,143.83,0.89
1332,9,208.93,440.34,86.41,144.74,0.89
1333,9,208.05,439.60,87.49,145.07,0.89
1334,9,208.41,437.98,88.54,145.18,0.89
1335,9,208.57,436.70,88.28,146.52,0.87
1336,9,207.34,435.56,89.49,148.33,0.87
1337,9,199.03,433.16,97.15,152.27,0.87
1338,9,197.84,430.96,98.10,155.70,0.85
1339,9,198.09,428.82,97.12,159.58,0.85
1340,9,189.73,425.43,103.90,162.98,0.87
1341,9,187.91,424.14,103.86,164.24,0.89
1342,9,186.63,423.69,101.82,164.01,0.89
1343,9,188.19,424.20,97.03,163.86,0.90
1344,9,190.89,428.37,93.15,163.09,0.91
1345,9,189.93,428.67,93.71,166.04,0.91
1346,9,189.61,428.80,93.92,167.12,0.91
1347,9,189.53,429.51,94.66,166.82,0.92
1348,9,190.20,431.76,92.95,165.35,0.91
1349,9,192.49,433.28,91.63,166.06,0.90
1350,9,191.38,433.85,93.14,168.28,0.90
1351,9,190.97,433.40,95.68,171.05,0.91
1352,9,190.84,432.56,96.64,172.73,0.91
1353,9,189.49,432.23,97.65,173.98,0.90
1354,9,189.65,434.07,96.72,173.11,0.90
1355,9,190.39,434.77,95.68,172.72,0.90
1356,9,190.02,433.05,95.28,173.20,0.90
1357,9,189.24,431.07,95.78,175.98,0.91
1358,9,188.29,428.36,97.29,180.27,0.91
1359,9,187.95,425.38,97.85,183.18,0.91
1360,9,187.18,423.59,97.40,184.90,0.91
1361,9,187.56,427.50,95.89,180.94,0.90
1362,9,187.73,425.74,95.98,181.98,0.91
1363,9,187.14,423.12,96.67,185.62,0.91
1364,9,186.93,421.50,97.59,187.62,0.91
1365,9,186.21,420.90,98.59,188.34,0.91
1366,9,185.94,420.70,98.96,189.21,0.91
1367,9,186.52,420.00,99.75,190.16,0.91
1368,9,186.74,420.41,100.03,190.47,0.91
1369,9,186.18,420.59,101.44,190.55,0.91
1370,9,185.98,422.00,101.97,189.22,0.90
1371,9,186.57,422.56,102.80,189.99,0.90
1372,9,186.80,420.80,103.11,191.57,0.90
1373,9,186.89,420.14,103.20,192.15,0.90
1374,9,186.93,419.91,103.22,192.33,0.90
1375,9,186.95,419.84,103.21,192.37,0.91
1376,9,186.96,421.14,103.19,191.04,0.90
1377,9,186.97,421.65,102.51,191.83,0.90
1378,9,187.63,421.84,102.91,192.11,0.90
1379,9,187.88,421.92,103.05,192.20,0.90
1380,9,187.98,421.30,103.09,193.53,0.90
1381,9,188.01,422.38,103.10,192.05,0.90
1382,9,187.36,422.79,104.41,191.46,0.90
1383,9,187.77,424.93,105.56,189.24,0.90
1384,9,187.27,425.74,106.64,189.73,0.90
1385,9,188.39,427.35,106.38,188.59,0.89
1386,9,188.82,427.95,106.26,188.16,0.89
1387,9,188.98,426.82,106.20,189.99,0.89
1388,9,189.04,426.39,106.17,190.68,0.89
1389,9,189.05,424.89,106.15,192.26,0.89
1390,9,189.06,424.98,106.13,192.85,0.89
1391,9,189.05,425.01,106.11,193.06,0.89
1392,9,188.39,423.04,107.42,195.10,0.90
1393,9,187.48,421.64,107.25,195.86,0.91
1394,9,187.13,421.12,107.17,196.13,0.91
1395,9,188.32,426.20,106.47,189.63,0.89
1396,9,189.44,432.16,106.20,183.11,0.89
1397,9,191.18,435.71,105.43,178.69,0.89
1398,9,189.84,431.59,105.80,182.49,0.89
1399,9,189.33,426.76,105.94,186.55,0.89
1400,9,189.79,440.70,106.65,172.97,0.85
1401,9,189.31,441.39,106.26,173.14,0.87
1402,9,188.46,436.91,104.12,179.25,0.88
1403,9,187.47,434.58,102.65,181.53,0.88
1404,9,186.44,431.68,102.11,183.74,0.88
1405,9,186.06,427.28,101.92,189.85,0.89
1406,9,184.60,423.67,101.20,194.10,0.90
1407,9,184.73,422.95,101.60,196.37,0.90
1408,9,184.79,422.05,103.09,197.85,0.90
1409,9,184.17,422.39,103.00,197.72,0.90
1410,9,183.94,421.89,102.97,198.28,0.90
1411,9,183.87,421.73,102.96,199.11,0.90
1412,9,184.52,422.35,102.30,198.73,0.90
1413,9,184.77,421.95,103.38,199.21,0.89
1414,9,184.87,421.82,103.79,198.70,0.89
1415,9,184.92,421.78,103.94,199.13,0.89
1416,9,184.28,421.79,103.34,199.27,0.89
1417,9,184.04,421.81,103.11,199.30,0.90
1418,9,184.62,421.82,101.70,198.63,0.90
1419,9,184.84,421.84,103.16,199.67,0.90
1420,9,184.93,421.86,110.30,200.05,0.88
1421,9,185.61,421.88,105.24,199.52,0.90
1422,9,185.21,420.57,102.48,200.62,0.90
1423,9,185.74,421.40,100.78,197.73,0.89
1424,9,185.26,422.40,100.16,196.61,0.89
1425,9,184.42,424.10,100.61,194.20,0.89
1426,9,184.11,424.75,102.11,193.29,0.89
1427,9,184.65,426.97,103.34,189.65,0.89
1428,9,184.86,427.80,103.81,187.63,0.89
1429,9,184.94,424.75,103.98,189.58,0.90
1430,9,185.64,422.95,104.04,191.65,0.90
1431,9,186.56,422.93,104.72,191.13,0.90
1432,9,186.24,424.92,104.31,188.96,0.90
1433,9,186.12,423.01,104.81,191.48,0.90
1434,9,185.41,422.30,105.65,191.77,0.91
1435,9,185.14,422.04,105.96,190.56,0.90
1436,9,184.38,422.61,106.07,190.11,0.90
1437,9,184.09,423.49,106.10,189.29,0.90
1438,9,184.65,423.83,105.45,188.99,0.90
1439,9,184.86,422.63,105.19,189.55,0.91
1440,9,184.94,422.84,105.09,189.77,0.91
1441,9,184.31,422.92,105.71,189.87,0.91
1442,9,184.08,422.30,105.94,189.91,0.91
1443,9,184.65,422.72,105.37,189.93,0.91
1444,9,184.87,422.89,105.14,189.94,0.91
1445,9,184.96,422.95,105.06,188.63,0.91
1446,9,184.99,422.98,105.02,189.46,0.91
1447,9,184.34,422.99,105.67,190.44,0.91
1448,9,184.10,422.99,105.91,191.47,0.91
1449,9,184.00,422.99,106.00,191.86,0.91
1450,9,184.63,422.34,106.69,192.66,0.91
1451,9,185.53,421.43,106.95,194.28,0.91
1452,9,185.21,421.75,106.38,194.22,0.90
1453,9,185.09,421.21,106.16,195.51,0.90
1454,9,185.04,421.02,106.07,195.98,0.90
1455,9,185.02,421.61,106.70,196.14,0.90
1456,9,185.01,421.84,106.93,197.50,0.90
1457,9,184.35,421.93,107.68,198.66,0.90
1458,9,184.76,423.28,107.30,197.11,0.89
1459,9,184.91,424.45,107.14,195.83,0.89
1460,9,184.31,424.23,106.42,196.00,0.89
1461,9,184.75,424.80,105.48,195.40,0.89
1462,9,184.91,426.99,104.47,192.52,0.89
1463,9,184.98,426.48,102.76,192.09,0.89
1464,9,185.00,430.91,102.13,186.64,0.89
1465,9,185.01,432.57,101.91,184.59,0.89
1466,9,183.68,429.15,102.51,187.88,0.89
1467,9,184.51,426.54,103.41,191.76,0.89
1468,9,184.82,424.89,103.75,193.89,0.90
1469,9,184.94,422.94,103.89,193.39,0.90
1470,9,184.99,422.86,103.94,193.19,0.89
1471,9,185.67,427.47,102.64,187.17,0.89
1472,9,184.59,428.57,102.82,186.21,0.89
1473,9,185.51,430.29,102.23,185.21,0.89
1474,9,185.20,426.94,103.34,190.18,0.90
1475,9,185.08,425.68,104.42,192.03,0.90
1476,9,185.03,425.86,104.17,192.74,0.90
1477,9,184.35,425.27,103.41,193.00,0.90
1478,9,184.10,425.71,103.12,191.77,0.89
1479,9,184.66,424.56,103.68,193.28,0.90
1480,9,184.88,425.44,103.89,191.87,0.89
1481,9,184.96,424.47,104.63,193.30,0.90
1482,9,184.99,426.74,104.91,191.86,0.89
1483,9,185.00,425.62,104.35,192.63,0.90
1484,9,185.01,425.20,104.13,193.58,0.90
1485,9,185.01,424.38,104.05,194.59,0.90
1486,9,185.01,424.08,104.68,194.96,0.90
1487,9,185.01,425.28,104.26,193.77,0.90
1488,9,185.01,426.41,104.09,193.31,0.90
1489,9,185.67,428.16,104.69,193.13,0.90
1490,9,185.91,433.44,104.92,187.77,0.89
1491,9,185.35,431.42,105.00,189.75,0.89
1492,9,184.47,430.65,105.69,190.49,0.89
1493,9,185.45,430.35,105.29,190.78,0.89
1494,9,184.51,424.93,105.79,196.84,0.90
1495,9,185.47,422.24,105.31,199.76,0.90
1496,9,184.51,421.22,105.79,200.86,0.90
1497,9,184.15,420.86,105.97,201.25,0.90
1498,9,184.02,420.74,106.03,202.02,0.90
1499,9,184.63,421.38,105.39,201.63,0.90
1500,9,184.87,421.64,105.14,200.79,0.91
1501,9,183.63,421.75,105.05,201.11,0.90
1502,9,183.83,424.45,104.35,199.23,0.89
1503,9,183.25,424.16,103.43,200.48,0.89
1504,9,183.03,423.39,103.08,202.26,0.90
1505,9,182.96,423.10,102.96,203.58,0.90
1506,9,182.94,422.99,102.92,204.72,0.90
1507,9,182.93,422.96,102.92,204.47,0.90
1508,9,182.94,422.95,102.92,204.35,0.90
1509,9,182.94,422.95,102.93,204.29,0.90
1510,9,182.95,422.95,102.93,204.90,0.90
1511,9,182.96,422.96,102.94,205.12,0.90
1512,9,182.96,422.96,102.95,205.18,0.90
1513,9,182.97,422.97,102.95,205.19,0.90
1514,9,183.63,422.97,103.62,205.18,0.90
1515,9,183.88,422.97,103.87,205.17,0.90
1516,9,184.64,422.98,103.97,205.15,0.90
1517,9,184.92,422.32,104.00,205.79,0.90
1518,9,185.02,422.07,104.02,206.02,0.90
1519,9,185.05,422.64,104.02,205.44,0.90
1520,9,184.40,422.86,103.36,205.21,0.90
1521,9,184.81,422.95,104.43,205.12,0.90
1522,9,184.31,422.32,105.49,205.74,0.90
1523,9,184.77,422.74,104.58,205.31,0.90
1524,9,184.94,422.91,104.22,205.14,0.90
1525,9,183.68,422.31,104.74,205.73,0.90
1526,9,184.53,422.74,104.28,205.29,0.90
1527,9,183.53,422.91,104.76,204.46,0.90
1528,9,183.15,423.63,104.94,202.82,0.90
1529,9,183.01,423.24,105.01,201.54,0.90
1530,9,183.62,423.09,104.37,201.07,0.90
1531,9,183.20,422.37,103.46,200.91,0.89
1532,9,183.04,422.10,103.12,200.20,0.89
1533,9,182.98,422.00,103.00,199.94,0.89
1534,9,182.97,421.97,102.96,199.86,0.89
1535,9,182.30,421.96,102.28,199.84,0.89
1536,9,182.72,421.96,102.70,199.85,0.89
1537,9,182.88,422.63,102.86,200.52,0.89
1538,9,182.94,422.88,102.93,199.47,0.90
1539,9,182.97,422.97,102.95,200.40,0.89
1540,9,182.98,423.67,102.97,201.41,0.90
1541,9,182.98,423.93,102.97,202.46,0.90
1542,9,182.99,424.02,102.98,202.20,0.89
1543,9,182.99,424.05,102.98,202.09,0.89
1544,9,182.99,424.06,102.98,202.05,0.89
1545,9,182.99,424.06,102.98,202.03,0.89
1546,9,182.99,424.05,102.99,202.02,0.89
1547,9,182.99,424.05,102.99,201.36,0.89
1548,9,182.99,424.04,102.99,201.11,0.89
1549,9,182.99,423.37,102.99,201.01,0.89
1550,9,183.00,426.43,102.99,197.01,0.88
1551,9,183.00,427.58,102.99,195.50,0.88
1552,9,181.67,427.34,103.65,195.63,0.88
1553,9,181.18,427.23,103.90,195.70,0.88
1554,9,182.32,426.51,103.34,196.40,0.88
1555,9,182.75,424.25,103.12,197.35,0.89
1556,9,182.92,423.39,103.04,197.05,0.90
1557,9,182.98,425.72,103.00,194.30,0.89
1558,9,183.66,427.27,103.66,193.28,0.89
1559,9,183.26,427.18,103.24,192.91,0.89
1560,9,183.10,425.14,103.08,194.78,0.89
1561,9,183.70,423.06,103.68,198.14,0.90
1562,9,183.93,422.27,103.91,199.41,0.90
1563,9,184.01,422.64,103.99,199.23,0.90
1564,9,184.04,422.79,104.02,198.50,0.89
1565,9,184.04,422.86,104.03,198.87,0.89
1566,9,183.38,422.89,103.37,199.01,0.89
1567,9,183.13,422.91,103.12,199.05,0.89
1568,9,183.70,422.92,101.70,198.40,0.89
1569,9,182.58,424.92,101.83,197.49,0.89
1570,9,181.50,423.69,101.89,198.47,0.89
1571,9,181.76,424.54,100.59,198.84,0.89
1572,9,182.54,424.21,98.78,200.30,0.90
1573,9,182.83,423.42,98.11,202.16,0.90
1574,9,182.94,423.78,97.88,202.20,0.90
1575,9,182.98,423.92,97.81,202.20,0.89
1576,9,182.33,423.31,99.13,204.16,0.90
1577,9,181.43,423.08,98.98,204.23,0.90
1578,9,181.09,423.00,98.93,203.58,0.89
1579,9,180.97,422.97,99.58,201.99,0.90
1580,9,179.61,422.96,100.49,201.38,0.90
1581,9,179.11,422.30,100.83,201.15,0.90
1582,9,177.61,422.06,101.62,200.40,0.88
1583,9,177.05,422.63,101.92,199.45,0.87
1584,9,178.18,423.51,101.37,199.10,0.86
1585,9,177.96,423.19,101.15,197.65,0.86
1586,9,177.23,428.37,100.41,191.13,0.84
1587,9,177.63,425.63,98.80,190.04,0.86
1588,9,174.46,423.94,101.52,190.34,0.87
1589,9,170.68,423.97,106.47,193.14,0.85
1590,9,166.68,444.45,109.63,179.69,0.82
1591,9,163.86,474.88,110.84,155.42,0.84
1592,9,160.20,497.25,113.22,138.14,0.89
1593,9,153.66,503.63,117.35,134.09,0.88
1594,9,151.20,507.60,119.55,131.54,0.88
1595,9,150.31,505.87,123.59,133.69,0.85
1596,9,150.03,508.47,124.46,131.18,0.85
1597,9,150.65,511.87,125.38,129.12,0.85
1598,9,149.66,512.18,126.33,129.91,0.82
1599,9,148.68,474.99,124.69,166.10,0.77
1600,9,148.37,443.52,122.68,197.89,0.82
1601,9,144.36,430.18,123.19,210.14,0.83
1602,9,142.24,427.70,124.66,213.34,0.74
1603,9,143.45,430.67,124.54,209.99,0.63
1604,9,150.57,435.26,115.91,206.51,0.62
1606,9,179.90,424.80,88.29,226.20,0.63
1625,11,287.00,556.00,180.00,157.00,0.84
1626,11,284.60,556.00,181.60,155.40,0.84
1627,11,285.68,559.87,182.68,151.22,0.78
1628,11,284.49,559.56,181.49,150.64,0.74
1629,11,278.07,557.86,178.08,152.08,0.83
1630,11,270.15,551.48,181.37,156.95,0.83
1631,11,263.38,549.99,183.91,155.85,0.72
1632,11,257.68,547.46,184.81,162.32,0.75
1633,11,250.35,544.58,185.12,161.93,0.80
1634,11,243.79,543.58,183.86,162.38,0.77
1635,11,234.84,539.94,187.41,168.51,0.59
1636,11,206.46,477.60,208.64,231.80,0.53
1637,11,190.95,441.22,220.27,268.49,0.68
1638,11,185.05,423.89,224.83,284.18,0.68
1639,11,183.74,416.90,218.74,290.45,0.76
1640,11,182.39,414.47,212.16,293.22,0.62
1641,11,182.88,413.89,206.88,294.57,0.61
1642,11,182.69,414.02,214.11,296.02,0.67
1643,11,182.75,415.69,213.48,294.34,0.52
1644,11,183.06,416.71,209.85,294.60,0.74
1645,11,183.41,418.04,205.07,292.48,0.74
1646,11,186.41,486.42,197.89,223.13,0.77
1647,11,184.36,487.69,195.85,220.73,0.73
1648,11,182.39,490.81,197.12,215.90,0.68
1649,11,179.78,498.05,198.27,206.01,0.66
1650,11,172.29,455.86,200.04,245.87,0.66
1651,11,169.58,481.28,206.65,215.23,0.72
1652,11,167.36,485.58,207.82,207.36,0.63
1656,11,165.65,442.54,201.02,252.64,0.52
1657,11,168.10,433.27,194.52,261.68,0.63
1658,11,168.91,426.59,192.39,268.29,0.67
1659,11,169.24,424.15,207.06,275.19,0.60
1660,11,168.08,424.01,218.84,277.08,0.53
1661,11,167.66,424.16,213.78,276.32,0.53
1662,11,168.21,425.06,210.99,274.53,0.53
1665,11,166.07,468.12,258.34,242.92,0.53
1667,11,164.80,438.71,231.21,259.41,0.55
1704,11,129.10,431.90,176.11,268.98,0.71
1705,11,129.49,433.38,174.86,269.76,0.61
1810,12,192.00,567.00,185.00,135.00,0.74
1811,12,198.40,568.60,174.60,126.20,0.76
1812,12,201.23,571.28,173.34,124.47,0.77
1813,12,202.12,571.33,169.01,126.30,0.77
1814,12,199.24,571.28,171.56,120.88,0.78
1815,12,196.85,570.46,168.08,120.58,0.76
1816,12,195.32,569.46,168.35,117.67,0.74
1817,12,193.43,570.53,178.27,114.61,0.73
1818,12,192.79,572.30,181.78,110.82,0.70
1819,12,191.26,571.52,182.40,113.07,0.67
1820,12,191.39,571.92,179.90,111.87,0.68
1821,12,192.17,572.05,172.20,111.50,0.70
1822,12,191.15,570.07,161.81,114.81,0.74
1823,12,190.13,569.34,155.95,117.37,0.79
1824,12,187.74,569.06,161.48,121.67,0.81
1825,12,184.25,567.66,168.78,126.56,0.84
1826,12,182.32,567.77,169.58,134.91,0.84
1827,12,180.31,567.82,172.54,138.74,0.85
1828,12,176.97,567.21,175.62,140.84,0.85
1829,12,173.79,566.98,176.12,141.59,0.84
1830,12,170.01,566.90,172.99,141.17,0.78
1831,12,167.33,566.88,173.10,141.59,0.77
1833,12,157.60,567.81,160.62,145.32,0.51
1834,12,152.22,571.46,148.63,143.18,0.72
1835,12,147.02,574.09,148.79,141.73,0.63
1845,12,132.23,583.99,123.65,132.31,0.58
1967,13,295.00,579.00,168.00,136.00,0.75
1968,13,293.40,578.20,168.00,137.60,0.84
1969,13,290.01,579.58,163.38,135.60,0.72
1980,13,222.25,575.05,138.14,130.03,0.54
1981,13,213.10,574.90,156.10,134.86,0.54
1982,13,206.91,574.84,167.23,136.99,0.53
2008,14,315.00,2.00,425.00,454.00,0.72
2009,14,315.80,4.40,422.60,455.60,0.80
2010,14,315.95,5.63,422.91,454.37,0.78
2011,14,316.01,5.27,423.01,456.29,0.75
2012,14,316.02,5.12,423.03,455.43,0.73
2013,14,317.47,2.16,422.31,458.02,0.72
2014,14,316.55,1.85,422.77,451.16,0.70
2015,14,316.20,2.48,422.93,442.41,0.76
2016,14,316.08,2.73,422.99,428.27,0.78
2017,14,317.38,3.53,422.33,420.53,0.75
2018,14,316.52,3.82,422.76,415.91,0.68
2019,14,315.52,3.93,424.26,411.03,0.70
2020,14,315.14,3.97,424.82,406.07,0.73
2022,14,315.79,3.50,425.80,402.64,0.56
2023,14,315.96,3.15,425.96,402.94,0.54
2083,15,344.00,432.00,235.00,239.00,0.73
2084,15,368.00,450.40,211.00,252.60,0.83
2085,15,390.32,477.35,191.87,232.46,0.82
2086,15,410.99,510.01,175.45,204.58,0.76
2087,15,429.27,537.32,167.02,179.13,0.65
2088,15,443.60,563.99,161.39,152.72,0.84
2089,15,456.85,584.76,159.45,132.62,0.84
2090,15,466.21,605.55,164.98,110.28,0.82
2091,15,473.09,625.54,177.43,89.77,0.80
2092,15,485.89,646.21,183.29,68.09,0.69
2093,15,492.86,653.21,190.92,61.70,0.56
2094,15,501.63,662.64,180.04,54.02,0.60
