139,1,1087.00,276.00,67.00,158.00,0.70
140,1,1063.00,273.60,91.00,213.20,0.86
141,1,1040.06,283.63,100.04,260.44,0.83
142,1,1019.90,328.29,103.12,267.41,0.83
143,1,1012.89,378.02,90.00,253.93,0.81
146,1,1017.78,513.73,83.65,102.07,0.76
152,2,1034.00,534.00,61.00,58.00,0.72
153,2,1034.80,538.80,55.40,72.40,0.63
154,2,1032.58,543.24,56.67,79.27,0.63
157,2,1027.17,549.21,49.49,85.64,0.59
158,2,1024.39,549.87,48.71,86.11,0.63
159,2,1021.46,550.04,49.92,84.89,0.74
160,2,1014.29,551.35,53.83,83.74,0.77
161,2,1006.46,554.45,57.24,81.94,0.56
162,2,1003.58,559.56,57.23,79.25,0.69
163,2,1004.64,563.38,57.21,78.26,0.65
164,2,1010.49,568.04,55.86,75.21,0.71
165,2,1020.20,573.72,51.99,72.75,0.63
177,3,1044.00,551.00,52.00,58.00,0.71
178,3,1035.20,539.00,53.60,61.20,0.57
179,3,1014.44,506.43,83.67,83.01,0.65
180,3,1004.99,459.57,104.31,116.23,0.72
181,3,1000.64,408.66,112.12,156.53,0.88
182,3,1002.61,357.22,103.72,196.45,0.78
183,3,1007.66,304.44,89.97,225.40,0.82
184,3,1013.00,273.55,82.20,226.35,0.83
185,3,1017.23,261.51,84.53,205.16,0.84
186,3,1021.43,258.62,83.96,169.52,0.67
187,3,1029.85,262.68,70.19,127.84,0.51
188,3,1039.87,267.08,63.43,91.15,0.63
219,4,1032.00,298.00,55.00,64.00,0.75
220,4,1024.00,299.60,65.40,83.20,0.75
221,4,1002.90,297.77,93.48,100.70,0.86
222,4,979.87,317.15,123.55,89.70,0.84
223,4,958.29,343.50,148.28,82.23,0.83
224,4,941.19,356.87,158.34,110.67,0.91
225,4,928.79,360.58,152.00,145.67,0.88
226,4,919.95,362.59,134.62,178.78,0.89
227,4,904.13,370.12,123.63,198.14,0.89
228,4,888.09,381.43,113.65,206.90,0.89
229,4,873.99,390.83,101.94,213.77,0.91
230,4,860.65,401.84,90.18,213.75,0.90
231,4,850.44,409.16,80.70,214.49,0.91
232,4,839.17,415.58,76.61,214.41,0.90
233,4,832.43,419.73,73.84,215.26,0.89
234,4,828.60,422.99,72.22,215.26,0.88
235,4,826.40,425.88,72.40,215.55,0.88
236,4,826.69,426.72,74.56,215.35,0.87
237,4,825.74,424.18,80.73,215.63,0.88
238,4,826.17,420.98,86.91,215.48,0.88
239,4,825.90,419.51,90.58,214.53,0.89
240,4,826.03,418.74,92.00,214.60,0.89
241,4,828.24,416.32,90.56,213.78,0.90
242,4,829.32,413.28,89.93,213.29,0.89
243,4,827.90,410.68,91.62,212.30,0.89
244,4,825.51,409.59,97.44,211.13,0.90
245,4,824.67,409.75,102.18,210.57,0.90
246,4,824.44,409.76,105.29,210.27,0.90
247,4,824.46,411.68,107.09,208.75,0.89
248,4,824.57,412.35,107.72,208.76,0.88
249,4,825.35,413.88,107.90,209.37,0.88
250,4,825.73,415.07,107.90,208.23,0.86
251,4,826.60,417.45,106.54,207.09,0.85
252,4,827.67,418.96,103.33,205.96,0.85
253,4,828.14,421.46,101.38,205.50,0.84
254,4,829.03,423.00,97.31,204.65,0.87
255,4,830.08,426.17,93.06,202.99,0.88
256,4,831.19,429.30,88.78,199.70,0.87
257,4,832.30,432.40,83.84,197.13,0.88
258,4,833.41,435.48,79.35,196.85,0.87
259,4,833.12,437.21,76.44,195.44,0.88
260,4,833.71,438.44,74.81,194.26,0.87
261,4,833.23,440.15,75.69,193.19,0.87
262,4,833.06,440.71,75.39,194.14,0.87
263,4,833.00,440.85,75.34,194.52,0.87
264,4,833.65,441.49,74.71,194.03,0.87
265,4,833.90,442.34,73.85,193.19,0.87
266,4,833.99,443.92,73.59,191.57,0.87
267,4,834.69,445.79,72.86,189.65,0.87
268,4,834.94,447.10,71.96,188.96,0.87
269,4,835.03,447.53,71.67,188.07,0.87
270,4,836.40,448.30,71.60,187.10,0.86
271,4,836.90,448.53,70.27,186.77,0.86
272,4,837.07,448.57,69.81,186.01,0.87
273,4,837.12,448.54,70.34,186.42,0.87
274,4,837.13,448.49,70.56,185.93,0.87
275,4,837.79,448.44,71.33,185.78,0.87
276,4,838.69,448.39,70.98,186.40,0.88
277,4,839.01,447.68,72.19,187.98,0.88
278,4,839.78,446.73,72.65,188.59,0.87
279,4,840.06,445.04,72.83,190.14,0.87
280,4,840.15,443.07,74.23,191.39,0.87
281,4,840.17,442.32,75.41,191.86,0.87
282,4,839.52,442.05,76.51,192.03,0.86
283,4,839.25,441.29,78.23,192.75,0.86
284,4,839.15,440.35,80.18,193.01,0.87
285,4,838.45,438.69,82.21,194.41,0.85
286,4,836.24,437.41,86.21,195.59,0.85
287,4,834.10,436.29,89.01,196.68,0.87
288,4,830.70,435.23,91.36,198.39,0.87
289,4,825.53,434.19,97.38,200.99,0.87
290,4,815.31,436.44,112.35,204.57,0.82
291,4,807.67,440.58,123.05,207.87,0.86
292,4,801.46,444.14,128.66,209.09,0.85
293,4,798.34,446.16,129.61,208.85,0.86
294,4,796.54,443.63,129.21,210.67,0.87
295,4,792.72,441.35,129.57,213.29,0.87
296,4,786.82,437.85,134.11,220.12,0.77
297,4,784.60,435.23,136.43,228.51,0.72
298,4,785.76,432.94,134.03,226.53,0.77
299,4,787.65,430.76,132.29,228.90,0.76
300,4,788.46,428.00,131.53,235.59,0.70
301,4,791.47,426.32,129.20,238.08,0.71
302,4,805.22,425.71,117.02,229.85,0.89
303,4,814.74,424.87,108.10,223.85,0.90
304,4,819.50,424.60,106.31,221.55,0.90
305,4,819.75,423.87,107.76,221.33,0.90
306,4,819.11,424.30,110.33,219.91,0.91
307,4,818.82,424.50,110.65,219.36,0.91
308,4,818.65,424.60,110.78,219.15,0.91
309,4,818.55,424.67,110.85,219.07,0.91
310,4,819.13,424.71,109.55,219.03,0.91
311,4,819.32,424.75,109.07,219.02,0.91
312,4,819.36,424.78,108.91,219.01,0.91
313,4,819.34,424.81,108.86,219.67,0.91
314,4,819.31,424.83,108.85,219.92,0.91
315,4,819.28,424.85,108.86,220.01,0.91
316,4,819.25,424.21,108.88,220.70,0.91
317,4,819.22,423.97,108.89,220.96,0.91
318,4,819.19,423.90,108.90,221.71,0.91
319,4,819.83,423.88,108.91,221.98,0.91
320,4,820.06,423.88,108.92,221.42,0.91
321,4,820.13,423.89,108.93,221.19,0.91
322,4,820.15,423.90,108.94,221.11,0.91
323,4,820.14,423.91,108.95,221.07,0.91
324,4,820.13,423.26,108.95,221.71,0.91
325,4,821.44,423.02,107.64,220.63,0.91
326,4,821.92,422.94,107.14,220.22,0.91
327,4,822.09,422.92,106.30,220.06,0.91
328,4,822.14,422.91,106.00,220.00,0.91
329,4,822.15,422.92,105.90,219.98,0.91
330,4,822.80,422.93,106.53,219.98,0.91
331,4,823.04,422.94,106.78,219.98,0.91
332,4,822.45,422.94,107.54,219.98,0.91
333,4,823.54,422.95,107.83,219.98,0.91
334,4,823.95,422.96,107.28,219.98,0.91
335,4,824.75,422.30,107.74,219.98,0.91
336,4,825.04,422.06,107.91,219.99,0.91
337,4,825.13,421.97,109.30,219.99,0.91
338,4,825.16,421.94,109.82,219.33,0.91
339,4,825.81,422.60,110.01,217.76,0.91
340,4,829.34,421.52,108.10,215.18,0.89
341,4,833.99,419.79,105.37,210.90,0.87
342,4,838.38,419.15,103.68,203.97,0.87
343,4,839.29,420.28,104.40,198.07,0.81
344,4,838.91,422.73,106.67,193.95,0.83
345,4,838.73,427.68,110.16,189.16,0.61
346,4,749.29,434.23,200.82,246.40,0.88
347,4,719.89,438.90,231.34,262.58,0.86
348,4,704.88,441.50,245.63,268.82,0.86
349,4,698.64,443.12,250.87,269.83,0.83
350,4,700.08,445.62,248.96,266.79,0.72
351,4,702.90,447.17,247.15,264.09,0.70
352,4,778.98,445.75,168.92,226.39,0.71
353,4,725.48,445.70,221.26,251.82,0.78
354,4,715.35,447.02,231.20,258.17,0.73
355,4,786.31,446.84,157.60,224.29,0.78
356,4,823.17,445.93,119.38,210.79,0.78
357,4,834.71,444.21,108.20,212.37,0.59
357,5,713.00,445.00,230.00,263.00,0.74
358,4,836.33,442.25,110.39,207.59,0.74
359,4,838.16,439.46,114.68,205.88,0.80
360,4,842.75,436.41,116.31,205.33,0.88
361,4,846.28,437.31,121.78,200.51,0.89
362,4,849.44,445.09,131.12,189.34,0.90
363,4,854.43,452.10,140.47,176.42,0.88
364,4,862.01,455.97,142.80,165.71,0.86
365,4,875.87,457.24,136.52,151.72,0.89
366,4,894.36,457.58,121.30,132.95,0.86
367,4,916.22,454.64,105.05,107.31,0.86
368,4,939.88,446.62,83.68,76.70,0.80
369,4,961.46,435.07,60.80,61.08,0.79
370,4,974.02,405.02,48.85,75.37,0.65
371,4,979.56,370.59,60.43,96.99,0.75
372,4,984.00,340.86,64.45,113.79,0.74
373,4,987.70,314.07,67.63,129.01,0.81
374,4,990.01,299.81,61.56,132.22,0.61
419,6,916.00,272.00,147.00,205.00,0.89
420,6,891.20,284.80,136.60,235.40,0.92
421,6,862.64,326.18,117.98,212.28,0.80
422,6,827.04,380.86,98.03,221.35,0.85
423,6,724.29,442.37,159.43,248.42,0.57
424,6,690.30,498.60,145.38,222.27,0.54
425,6,680.20,515.37,130.47,211.70,0.66
426,6,679.19,537.62,147.19,189.07,0.83
428,6,675.60,552.48,123.73,173.75,0.63
430,6,682.69,570.02,117.47,155.55,0.70
431,6,685.87,561.86,115.64,160.27,0.59
432,6,687.32,546.00,117.08,175.97,0.74
433,6,686.97,562.28,118.29,158.86,0.70
434,6,687.35,542.39,119.41,177.29,0.81
435,6,687.26,535.96,122.50,183.43,0.86
436,6,686.22,553.86,132.20,165.04,0.78
437,6,686.61,564.10,137.12,153.99,0.85
438,6,687.07,568.85,136.44,148.72,0.74
439,6,690.19,569.60,134.77,147.60,0.81
440,6,691.62,570.33,134.72,146.59,0.81
441,6,693.65,572.40,134.65,144.95,0.75
442,6,694.58,574.97,134.59,141.72,0.69
443,6,694.41,577.74,136.49,139.26,0.79
444,6,695.76,579.93,134.57,136.41,0.78
445,6,697.07,583.26,131.80,133.42,0.76
446,6,697.00,585.67,129.39,130.39,0.67
447,6,697.73,585.70,125.81,130.06,0.62
448,6,697.41,582.90,124.47,132.71,0.74
449,6,699.35,582.45,130.68,132.41,0.73
450,6,699.43,585.51,136.87,129.69,0.78
456,7,891.00,427.00,66.00,114.00,0.73
457,7,910.20,387.00,69.20,138.80,0.85
458,7,934.34,350.91,66.77,156.99,0.84
459,7,963.93,307.18,65.14,182.44,0.81
460,7,980.50,279.15,70.81,193.85,0.84
461,7,988.98,268.65,83.07,191.02,0.87
462,7,1000.30,265.54,78.48,186.29,0.85
463,7,1009.58,264.85,74.07,181.94,0.74
464,7,1016.98,264.82,73.01,172.57,0.74
465,7,1025.24,267.13,71.24,159.84,0.74
466,7,1030.39,270.23,71.23,145.24,0.51
467,7,1038.53,275.59,68.52,128.66,0.68
468,7,1051.84,276.68,66.12,116.47,0.56
470,7,1075.60,275.34,45.23,94.50,0.64
473,7,1095.12,277.33,46.61,69.51,0.52
474,7,1099.01,277.79,46.38,61.29,0.56
605,8,185.00,267.00,241.00,181.00,0.73
606,8,189.80,276.60,227.40,178.60,0.86
607,8,189.17,297.04,214.52,175.04,0.83
608,8,190.59,312.43,199.17,170.72,0.86
609,8,190.21,315.68,187.45,166.47,0.82
610,8,192.38,310.89,177.73,157.89,0.87
611,8,196.77,299.25,167.84,150.14,0.87
612,8,202.54,285.03,163.80,144.22,0.84
613,8,209.35,280.24,162.19,128.21,0.85
614,8,218.58,280.20,159.88,111.36,0.82
620,9,253.00,109.00,288.00,171.00,0.71
621,9,252.20,110.60,288.80,168.60,0.76
622,9,252.82,111.68,288.18,168.91,0.59
625,9,251.15,103.63,291.75,176.51,0.54
704,10,728.00,596.00,91.00,95.00,0.73
781,11,883.00,310.00,60.00,101.00,0.77
782,11,881.40,344.40,50.40,80.20,0.65
783,11,877.01,382.07,54.95,77.56,0.78
784,11,868.08,402.77,62.40,108.74,0.81
785,11,857.41,414.75,68.36,141.71,0.83
786,11,847.55,426.88,71.74,163.20,0.87
787,11,836.09,438.52,73.45,176.75,0.89
788,11,829.34,445.80,73.89,184.16,0.88
789,11,828.40,449.39,72.55,187.07,0.88
790,11,829.77,449.58,71.84,188.13,0.87
791,11,829.26,449.06,73.43,189.16,0.86
792,11,829.25,447.09,75.27,190.90,0.86
793,11,829.43,445.85,77.19,191.73,0.86
794,11,829.67,444.93,79.15,192.21,0.86
795,11,829.91,444.18,79.83,191.95,0.86
796,11,830.16,443.54,80.01,192.71,0.86
797,11,829.72,442.36,80.65,192.02,0.87
798,11,829.66,440.97,82.13,192.70,0.87
799,11,829.72,440.21,82.64,192.68,0.87
800,11,829.18,439.06,84.08,193.71,0.88
801,11,829.04,439.09,83.28,193.23,0.88
802,11,829.07,438.95,82.90,192.81,0.87
803,11,829.81,438.75,82.05,192.47,0.87
804,11,830.15,439.21,80.36,192.16,0.87
805,11,829.67,439.28,80.34,193.87,0.87
806,11,829.53,438.57,80.97,195.06,0.87
807,11,828.86,438.21,81.85,196.04,0.86
808,11,828.63,438.00,82.82,196.31,0.86
809,11,828.58,437.85,81.85,196.31,0.86
810,11,828.60,437.74,81.45,196.21,0.86
811,11,829.96,437.65,81.28,195.43,0.87
812,11,831.81,436.25,80.55,193.74,0.88
813,11,833.86,433.70,79.59,193.69,0.88
814,11,838.62,430.07,75.24,194.29,0.88
815,11,842.46,427.37,72.23,195.79,0.88
816,11,847.89,425.03,69.80,196.97,0.89
817,11,853.90,423.50,66.91,198.04,0.89
818,11,856.69,420.97,65.22,199.06,0.89
819,11,858.28,418.72,64.67,200.72,0.90
820,11,858.10,418.55,64.52,200.65,0.89
821,11,857.28,418.53,64.51,200.58,0.90
822,11,857.58,420.53,63.87,199.20,0.89
823,11,856.95,421.32,64.34,198.64,0.89
824,11,856.01,422.96,64.55,197.08,0.89
825,11,856.29,423.59,63.98,196.47,0.89
826,11,855.69,423.84,62.46,195.57,0.89
827,11,854.76,424.59,61.92,194.56,0.89
828,11,854.39,424.88,61.08,194.18,0.89
829,11,854.24,424.99,60.80,194.03,0.89
830,11,852.84,425.68,63.39,193.32,0.89
831,11,852.97,425.94,64.35,193.06,0.90
832,11,853.02,426.70,66.05,192.96,0.89
833,11,853.69,429.62,67.35,190.29,0.88
834,11,855.90,432.05,68.49,186.62,0.83
835,11,860.00,431.59,69.58,185.27,0.77
836,11,872.64,435.40,64.12,174.14,0.86
837,11,884.33,434.08,67.36,158.39,0.84
838,11,888.42,430.05,71.74,137.45,0.67
874,11,960.12,303.04,133.86,66.10,0.54
875,11,943.08,314.63,154.23,67.47,0.69
876,11,922.40,333.12,172.64,86.01,0.86
877,11,902.03,343.14,181.02,122.54,0.91
878,11,886.63,349.62,174.50,162.51,0.90
879,11,879.05,354.72,151.08,200.16,0.91
880,11,882.26,362.58,111.09,222.37,0.91
881,11,885.23,375.33,81.03,231.76,0.88
882,11,874.60,387.35,75.15,233.27,0.89
883,11,867.41,395.88,69.18,233.21,0.89
884,11,860.12,402.90,66.88,232.62,0.88
885,11,855.83,409.91,68.56,231.22,0.87
886,11,853.85,413.75,69.93,229.51,0.87
887,11,854.03,416.30,69.17,228.34,0.87
888,11,854.99,417.70,69.02,227.43,0.88
889,11,855.47,418.66,68.38,226.03,0.88
890,11,855.76,420.10,68.23,225.10,0.89
891,11,854.60,422.41,68.91,224.41,0.88
892,11,853.57,423.76,68.55,223.85,0.89
893,11,851.93,426.06,70.48,223.37,0.89
894,11,850.06,427.43,71.88,224.27,0.90
895,11,848.75,429.11,71.11,223.11,0.89
896,11,847.67,431.57,71.51,221.82,0.89
897,11,846.67,433.03,71.68,220.50,0.89
898,11,845.03,433.45,71.76,219.86,0.89
899,11,844.47,434.14,71.14,218.85,0.89
900,11,842.33,434.29,70.92,218.36,0.89
901,11,840.26,435.57,71.52,218.10,0.89
902,11,838.88,435.96,71.75,217.93,0.90
903,11,837.76,436.68,71.19,217.80,0.90
904,11,836.74,436.88,70.98,217.70,0.90
905,11,836.41,436.22,70.25,218.27,0.89
906,11,836.35,435.91,69.99,218.45,0.89
907,11,836.38,436.39,69.90,217.81,0.89
908,11,836.43,436.53,69.88,218.20,0.89
909,11,836.49,436.54,69.88,218.31,0.89
910,11,836.55,437.82,69.89,217.67,0.89
911,11,836.60,438.27,69.90,217.40,0.89
912,11,836.65,438.40,69.91,217.28,0.89
913,11,836.69,438.42,69.92,217.22,0.89
914,11,836.73,437.07,69.93,217.84,0.89
915,11,836.76,436.54,69.94,218.07,0.89
916,11,836.79,435.66,71.27,218.80,0.89
917,11,836.81,435.31,71.11,218.40,0.88
918,11,838.15,435.17,70.39,218.90,0.88
919,11,838.67,435.11,69.45,218.41,0.89
920,11,840.20,435.08,69.10,218.22,0.89
921,11,840.77,435.06,68.98,218.14,0.88
922,11,841.65,434.39,68.94,218.76,0.89
923,11,841.97,434.14,68.93,218.99,0.89
924,11,842.08,434.04,68.93,217.75,0.89
925,11,842.11,434.01,68.28,217.27,0.88
926,11,842.11,433.99,69.36,217.09,0.88
927,11,843.42,432.67,68.45,218.34,0.88
928,11,843.91,432.17,68.11,218.82,0.88
929,11,844.08,431.99,67.98,218.33,0.88
930,11,844.80,431.93,67.94,218.14,0.88
931,11,845.05,431.91,67.93,218.07,0.88
932,11,845.14,431.91,67.27,218.04,0.87
933,11,845.15,431.92,67.03,218.02,0.87
934,11,845.15,431.27,66.95,217.36,0.88
935,11,845.80,431.03,66.26,217.10,0.88
936,11,844.04,430.28,66.67,216.35,0.89
937,11,840.73,426.70,67.50,214.74,0.88
938,11,836.19,423.37,68.47,212.82,0.88
939,11,834.48,420.82,69.50,210.12,0.87
940,11,833.86,418.57,71.19,208.46,0.89
941,11,834.31,416.44,73.79,208.54,0.89
942,11,834.50,415.70,75.42,209.26,0.90
943,11,835.25,414.80,75.38,208.89,0.90
944,11,836.22,415.18,79.26,210.11,0.90
945,11,837.24,414.71,82.63,211.90,0.89
946,11,839.57,413.90,84.57,213.91,0.89
947,11,840.50,412.98,87.21,215.98,0.89
948,11,841.50,413.98,88.21,216.77,0.90
949,11,843.18,414.39,88.54,217.05,0.90
950,11,844.47,415.90,86.68,217.14,0.90
951,11,845.62,416.49,85.90,217.17,0.90
952,11,846.03,418.70,85.57,217.16,0.90
953,11,847.49,418.89,84.11,217.81,0.90
954,11,848.02,418.96,84.85,218.04,0.91
955,11,848.86,419.65,85.11,218.12,0.91
956,11,848.50,419.91,85.85,219.46,0.91
957,11,849.66,420.00,86.11,219.95,0.91
958,11,849.42,420.04,86.85,220.12,0.90
959,11,849.31,420.04,87.12,220.17,0.90
960,11,849.25,420.04,87.20,220.18,0.91
961,11,849.87,420.70,86.55,220.16,0.91
962,11,850.09,420.95,85.63,220.15,0.91
963,11,850.16,421.03,85.27,220.13,0.91
964,11,850.17,421.06,85.13,220.12,0.91
965,11,850.16,421.06,85.07,220.10,0.91
966,11,850.15,421.06,85.05,220.09,0.91
967,11,850.13,421.06,85.04,220.08,0.91
968,11,850.12,421.05,85.69,220.07,0.91
969,11,850.10,421.04,85.28,220.06,0.91
970,11,850.09,420.38,85.78,220.06,0.91
971,11,850.08,420.13,85.96,220.05,0.91
972,11,850.73,420.03,84.71,220.04,0.91
973,11,850.97,419.33,84.23,220.04,0.91
974,11,851.05,418.41,84.05,220.69,0.90
975,11,851.08,418.07,83.98,220.94,0.90
976,11,851.08,417.95,83.30,221.03,0.90
977,11,852.40,417.91,82.38,221.05,0.90
978,11,852.89,417.91,82.05,221.06,0.90
979,11,853.06,417.91,81.27,220.40,0.90
980,11,853.78,417.92,79.65,220.14,0.89
981,11,854.04,417.93,79.73,220.05,0.90
982,11,854.12,417.94,79.78,220.01,0.90
983,11,854.81,417.28,79.14,220.00,0.89
984,11,854.38,417.04,78.92,219.99,0.89
985,11,854.21,415.63,79.52,220.65,0.89
986,11,856.79,414.45,77.77,220.90,0.85
987,11,857.76,410.05,75.78,220.99,0.82
988,11,859.44,404.45,74.39,221.03,0.88
989,11,864.74,400.39,72.56,218.39,0.91
990,11,873.40,398.24,67.19,214.07,0.90
991,11,884.83,399.51,65.25,205.12,0.90
992,11,894.22,400.75,71.46,188.98,0.86
993,11,903.98,405.43,72.96,160.33,0.79
994,11,914.85,413.72,62.41,90.93,0.76
995,11,925.04,411.50,59.61,61.11,0.75
996,11,935.19,397.65,58.71,58.10,0.77
997,11,947.42,376.74,68.02,62.80,0.59
998,11,961.31,352.18,74.38,68.37,0.70
999,11,972.98,324.08,79.49,78.81,0.78
1000,11,981.82,302.41,71.38,83.25,0.51
1002,11,981.77,291.11,54.69,63.59,0.61
1033,12,1037.00,278.00,77.00,145.00,0.77
1034,12,1004.20,275.60,119.40,200.20,0.81
1035,12,970.17,304.22,128.44,225.64,0.85
1036,12,928.35,361.97,124.16,216.99,0.86
1037,12,889.66,433.52,104.99,175.67,0.83
1038,12,853.13,511.46,84.48,105.62,0.81
1039,12,826.12,583.54,59.74,64.53,0.76
1116,13,810.00,618.00,83.00,96.00,0.76
1117,13,811.60,583.60,79.80,129.60,0.82
1118,13,820.50,546.26,73.71,161.92,0.85
1119,13,838.79,503.93,68.52,187.10,0.83
1120,13,852.95,455.79,76.03,209.31,0.74
1121,13,871.18,404.47,76.73,222.25,0.83
1122,13,890.43,355.81,76.99,233.12,0.82
1123,13,907.04,312.47,78.45,233.75,0.78
1124,13,919.94,277.09,86.41,227.44,0.83
1125,13,929.64,264.60,94.48,205.99,0.87
1126,13,941.93,261.35,94.44,172.38,0.83
1127,13,956.54,264.93,90.36,127.10,0.64
1128,13,967.47,271.81,83.33,78.59,0.50
1174,14,946.00,418.00,135.00,145.00,0.85
1175,14,938.00,426.00,131.80,162.60,0.87
1176,14,930.23,435.65,126.52,179.22,0.88
1177,14,918.94,450.82,120.02,193.36,0.89
1178,14,907.37,463.11,112.08,204.37,0.86
1179,14,897.48,473.40,97.01,203.92,0.78
1180,14,888.93,483.58,85.87,215.33,0.86
1181,14,877.73,494.97,62.31,187.15,0.80
1182,14,871.44,506.31,62.62,180.25,0.80
1183,14,861.47,516.77,62.24,170.27,0.77
1184,14,857.31,526.25,52.21,166.58,0.80
1185,14,852.23,536.75,55.88,166.65,0.76
1186,14,849.25,543.54,58.05,165.35,0.76
1187,14,845.04,548.30,76.98,164.89,0.76
1188,14,846.34,553.70,66.06,159.37,0.82
1189,14,845.87,558.65,65.70,155.31,0.78
1190,14,847.78,564.16,66.93,150.49,0.79
1191,14,849.26,566.49,68.73,147.45,0.84
1192,14,852.57,567.71,69.42,146.44,0.83
1193,14,857.25,568.56,69.70,146.83,0.86
1194,14,862.42,566.64,73.12,147.04,0.87
1195,14,867.62,562.37,74.40,149.20,0.87
1196,14,874.25,557.33,72.93,149.38,0.87
1197,14,876.83,552.63,76.98,149.49,0.86
1198,14,881.00,547.45,82.33,148.90,0.84
1199,14,886.42,542.13,83.75,148.71,0.73
1200,14,890.49,540.77,85.57,159.95,0.82
1201,14,895.89,541.56,83.01,158.93,0.67
1202,14,902.54,547.79,72.09,155.86,0.62
1203,14,909.13,552.14,64.30,102.33,0.60
1205,14,916.47,556.22,51.69,144.99,0.66
1206,14,917.51,554.51,50.05,154.52,0.61
1207,14,917.12,551.92,46.75,160.80,0.76
1208,14,918.28,549.64,48.54,163.69,0.69
1210,14,918.62,544.82,57.50,166.38,0.63
1211,14,919.14,542.14,62.16,151.86,0.63
1212,14,919.96,537.70,62.73,160.98,0.62
1213,14,920.25,534.90,64.15,162.76,0.70
1214,14,921.63,533.78,62.09,162.82,0.72
1215,14,924.10,532.02,61.18,162.20,0.78
1216,14,924.36,530.03,61.44,164.61,0.76
1217,14,925.73,527.31,60.20,166.18,0.78
1218,14,926.22,524.32,59.67,170.05,0.63
1219,14,926.37,518.64,58.79,180.65,0.54
1220,14,928.38,519.07,59.75,174.39,0.57
1224,14,932.99,519.53,60.03,165.32,0.58
1225,14,933.37,519.05,60.00,164.83,0.57
1227,14,934.35,518.76,60.78,165.57,0.62
1229,14,935.29,516.31,61.75,166.73,0.59
1230,14,936.74,516.54,62.62,165.60,0.57
1231,14,938.56,516.64,62.93,165.19,0.65
1232,14,939.21,516.69,62.38,164.38,0.70
1233,14,940.08,516.07,62.83,164.74,0.75
1234,14,940.37,515.86,63.65,165.54,0.77
1235,14,940.44,515.79,63.95,165.19,0.77
1236,14,941.09,515.79,63.41,165.05,0.74
1237,14,941.31,515.80,63.19,165.00,0.74
1238,14,941.36,515.82,63.10,164.98,0.74
1239,14,942.01,515.84,61.74,165.64,0.76
1240,14,942.23,515.20,61.89,167.21,0.71
1241,14,942.29,514.31,61.95,168.46,0.66
1242,14,942.29,513.98,61.97,168.92,0.63
1243,14,942.93,513.87,61.98,168.43,0.65
1244,14,943.81,513.84,60.66,168.23,0.68
1245,14,944.79,513.84,60.83,169.46,0.69
1246,14,946.46,512.54,59.57,169.26,0.68
1247,14,946.39,511.39,59.77,169.18,0.73
1248,14,947.67,511.64,59.85,167.81,0.75
1249,14,948.13,511.75,59.89,167.29,0.75
1250,14,948.27,511.80,59.91,167.09,0.75
1251,14,948.30,511.84,59.93,167.68,0.75
1252,14,948.29,511.86,59.28,167.24,0.76
1253,14,948.26,511.88,60.36,167.07,0.76
1254,14,948.89,511.23,60.11,167.67,0.75
1255,14,948.46,509.67,60.68,167.90,0.73
1256,14,948.94,509.76,63.53,167.32,0.64
1257,14,947.16,513.11,63.95,163.80,0.63
1258,14,944.49,519.06,64.75,153.80,0.83
1259,14,943.47,526.74,59.17,141.89,0.86
1260,14,937.64,532.94,58.98,136.97,0.84
1261,14,934.26,543.28,56.92,131.24,0.77
1262,14,928.99,551.01,55.48,128.64,0.75
1263,14,923.73,554.98,59.03,130.59,0.76
1264,14,919.26,557.62,65.51,137.44,0.72
1265,14,915.69,557.18,61.01,142.63,0.75
1266,14,912.40,556.22,51.03,145.97,0.80
1267,14,909.95,554.42,49.33,150.54,0.80
1268,14,907.12,553.00,69.44,156.18,0.76
1269,14,903.63,551.74,70.57,160.28,0.78
1270,14,899.71,551.83,79.75,160.54,0.78
1271,14,898.20,551.79,75.33,161.24,0.78
1272,14,897.78,553.04,71.26,159.51,0.79
1273,14,898.39,555.43,68.30,157.49,0.78
1274,14,898.71,556.95,67.13,156.03,0.80
1275,14,898.90,558.13,67.99,154.80,0.80
1276,14,899.03,558.52,66.97,154.32,0.81
1277,14,898.50,557.95,67.86,154.80,0.82
1278,14,896.38,557.03,71.46,155.64,0.78
1279,14,894.96,556.64,74.74,156.61,0.79
1280,14,893.17,557.13,75.99,154.99,0.81
1281,14,893.18,557.28,76.43,155.03,0.79
1282,14,892.59,558.63,75.25,153.05,0.77
1283,14,893.73,561.11,76.06,151.64,0.73
1284,14,892.89,562.67,75.03,150.45,0.69
1285,14,893.27,565.22,71.31,148.69,0.68
1286,14,893.47,566.13,67.16,148.72,0.73
1287,14,894.27,567.09,64.93,148.08,0.59
1288,14,895.26,568.07,67.53,147.19,0.64
1289,14,895.62,570.39,63.19,146.22,0.71
1290,14,895.11,575.20,62.19,141.22,0.71
1291,14,896.96,579.64,61.17,135.33,0.70
1292,14,901.70,587.99,57.45,127.10,0.75
1293,14,905.53,594.36,58.18,121.44,0.76
1294,14,908.19,597.19,58.45,118.86,0.61
1296,14,917.15,597.23,61.10,120.00,0.52
1298,14,924.06,589.66,71.27,126.44,0.67
1299,14,925.47,582.62,72.75,133.71,0.66
1300,14,925.94,576.84,79.72,137.63,0.62
1301,14,923.60,577.19,77.99,137.82,0.69
1302,14,920.56,575.42,73.93,140.42,0.62
1303,14,915.32,571.53,66.33,145.27,0.73
1304,14,909.84,565.56,63.39,149.01,0.67
1305,14,906.54,558.12,64.39,156.85,0.65
1306,14,902.05,553.37,66.09,162.38,0.81
1307,14,899.72,549.66,64.75,165.11,0.73
1308,14,900.87,548.29,70.90,166.08,0.77
1309,14,900.01,547.21,74.41,167.00,0.85
1310,14,899.70,546.23,75.77,168.55,0.85
1311,14,900.26,545.28,74.98,169.71,0.87
1312,14,899.86,545.00,77.90,170.07,0.85
1313,14,901.01,544.97,77.69,170.12,0.86
1314,14,902.80,545.03,76.26,170.06,0.82
1315,14,904.82,545.12,73.03,169.97,0.76
1316,14,904.94,545.21,72.44,169.86,0.82
1317,14,904.98,545.30,73.54,169.77,0.81
1318,14,905.00,546.04,74.60,169.02,0.74
1319,14,905.00,546.36,75.65,168.69,0.73
1320,14,905.00,546.52,75.38,168.53,0.77
1321,14,905.00,546.61,75.92,168.44,0.77
1322,14,905.00,546.67,75.45,168.37,0.76
1323,14,905.00,546.71,75.26,168.32,0.77
1324,14,905.00,546.75,75.17,168.28,0.78
1325,14,904.34,546.78,74.47,168.25,0.79
1326,14,904.75,546.80,74.86,168.88,0.71
1327,14,904.25,546.83,74.34,168.44,0.67
1328,14,904.72,546.85,73.48,168.26,0.61
1329,14,904.24,546.87,72.48,168.18,0.63
1330,14,904.06,546.88,72.78,168.14,0.60
1331,14,903.99,547.56,71.57,167.46,0.58
1332,14,904.64,547.82,71.12,167.19,0.54
1333,14,904.88,548.58,70.96,166.42,0.66
1334,14,904.97,549.53,70.91,164.81,0.67
1335,14,905.00,550.55,70.23,164.87,0.68
1336,14,903.68,551.59,70.65,164.23,0.65
1337,14,903.85,552.64,70.16,163.34,0.60
1338,14,903.26,552.35,69.31,163.68,0.55
1339,14,903.04,552.89,69.01,163.15,0.53
1340,14,903.63,553.75,66.91,162.30,0.58
1341,14,903.86,554.05,67.48,161.99,0.64
1342,14,903.94,554.81,67.70,161.89,0.58
1343,14,902.65,556.41,67.80,160.53,0.58
1344,14,901.50,557.66,69.17,159.37,0.64
1345,14,901.08,558.77,70.35,157.63,0.70
1346,14,899.61,559.16,72.11,156.99,0.54
1355,14,894.11,579.36,71.05,122.29,0.56
1356,14,893.19,582.52,69.59,119.93,0.55
1357,14,892.21,584.79,71.13,121.28,0.61
1358,14,893.19,589.61,69.72,113.66,0.58
1359,14,894.26,595.46,70.51,113.05,0.63
1360,14,894.67,600.83,66.84,110.18,0.70
1361,14,895.52,609.51,68.82,104.46,0.64
1362,14,897.14,620.10,68.88,95.59,0.57
1384,15,610.00,578.00,104.00,125.00,0.72
1385,15,610.00,577.20,100.80,125.80,0.73
1386,15,610.00,575.51,100.18,126.72,0.75
1387,15,610.78,574.94,100.76,125.49,0.77
1388,15,610.27,573.31,105.46,132.59,0.65
1391,15,626.29,570.26,103.42,123.37,0.58
1392,15,631.29,566.32,105.10,138.74,0.60
1405,15,731.07,557.06,70.57,147.85,0.67
1406,15,735.61,558.85,68.07,147.44,0.80
1407,15,736.37,558.81,66.66,149.28,0.83
1408,15,739.87,558.80,62.75,149.30,0.80
1415,15,771.89,553.28,76.40,149.99,0.57
1417,15,772.69,552.87,74.20,150.00,0.65
1418,15,771.57,553.50,71.92,149.32,0.65
1422,15,776.28,552.91,59.54,154.35,0.55
1426,15,777.76,553.84,60.77,143.46,0.67
1427,15,779.71,555.40,56.22,138.59,0.79
1431,15,777.80,562.07,62.27,147.74,0.61
1432,15,772.80,562.81,68.28,150.29,0.66
1436,15,767.94,558.09,62.96,155.47,0.56
1438,15,763.12,558.17,56.46,152.82,0.78
1439,15,762.12,558.18,56.66,152.17,0.74
1440,15,763.81,558.84,59.42,154.60,0.53
1467,15,755.98,572.98,59.00,142.05,0.59
1468,15,754.52,573.86,59.00,140.44,0.70
1469,15,754.04,573.46,58.99,140.62,0.71
1470,15,753.21,573.29,58.99,140.71,0.75
1471,15,752.92,573.88,59.66,140.09,0.58
1472,15,752.16,574.09,59.25,139.88,0.69
1473,15,751.23,574.15,58.42,139.82,0.75
1474,15,750.23,574.15,58.78,139.82,0.79
1475,15,749.88,574.14,58.92,139.83,0.78
1476,15,749.77,574.13,58.97,139.85,0.79
1477,15,749.75,574.12,57.66,139.87,0.82
1478,15,749.77,574.10,57.17,139.88,0.84
1479,15,749.12,574.09,58.33,139.90,0.83
1480,15,749.56,574.08,58.10,139.91,0.84
1481,15,749.74,574.73,58.01,139.26,0.84
1482,15,749.82,574.97,57.98,139.02,0.84
1483,15,748.54,575.06,58.64,138.94,0.84
1484,15,748.72,576.40,58.23,137.59,0.84
1485,15,748.81,576.90,58.07,137.09,0.84
1486,15,748.19,575.75,58.67,138.24,0.84
1487,15,747.97,575.31,58.90,138.68,0.84
1488,15,747.89,575.14,58.98,138.86,0.84
1489,15,747.87,575.07,59.01,138.93,0.84
1490,15,747.88,575.04,59.02,138.96,0.84
1491,15,747.89,575.03,59.02,138.97,0.84
1492,15,747.90,576.34,59.02,137.65,0.84
1493,15,747.91,576.84,59.02,137.16,0.84
1494,15,747.92,577.02,59.02,136.98,0.84
1495,15,747.93,577.08,59.02,138.25,0.84
1496,15,747.94,577.09,59.01,137.41,0.84
1497,15,747.95,577.09,59.01,137.09,0.84
1498,15,747.95,577.08,59.01,138.30,0.84
1499,15,749.28,577.07,58.35,138.76,0.84
1500,15,749.12,577.07,57.43,137.62,0.83
1501,15,749.06,575.73,57.09,138.50,0.83
1502,15,749.03,575.23,56.97,138.84,0.83
1503,15,749.02,575.04,56.93,138.97,0.83
1504,15,749.02,576.30,56.93,137.69,0.83
1505,15,749.01,576.78,56.93,137.21,0.84
1506,15,749.01,576.95,56.94,137.03,0.83
1507,15,749.01,577.02,56.94,136.96,0.83
1508,15,750.33,577.04,56.29,136.95,0.83
1509,15,750.83,577.04,56.04,136.94,0.83
1510,15,751.01,577.04,55.96,136.95,0.83
1511,15,751.07,577.04,55.93,136.95,0.83
1512,15,751.08,577.03,55.93,136.96,0.83
1513,15,751.08,577.03,55.93,136.96,0.83
1514,15,750.41,577.03,56.60,136.97,0.83
1515,15,750.16,577.02,56.86,136.97,0.83
1516,15,750.06,577.02,56.95,136.97,0.83
1517,15,750.02,577.02,56.99,136.98,0.83
1518,15,750.01,575.69,57.00,138.30,0.83
1519,15,750.00,575.20,57.01,138.80,0.84
1520,15,750.00,575.01,57.01,138.98,0.84
1521,15,750.00,576.27,57.67,137.73,0.84
1522,15,749.34,577.41,57.92,137.25,0.81
1523,15,747.78,578.50,58.66,136.41,0.77
1524,15,746.53,579.57,58.94,135.43,0.77
1525,15,745.41,579.96,59.70,134.40,0.68
1526,15,743.68,579.43,61.29,135.36,0.53
1527,15,743.69,580.55,60.59,133.74,0.62
1528,15,742.41,579.63,61.61,135.13,0.57
1529,15,740.63,579.28,63.29,135.66,0.54
