53,1,782.00,596.00,79.00,115.00,0.74
54,1,779.60,600.80,76.60,110.20,0.69
55,1,776.80,605.64,74.58,106.92,0.64
57,1,770.36,608.14,73.06,105.03,0.53
60,1,760.17,618.30,63.92,95.92,0.58
61,1,760.77,618.67,59.83,95.57,0.78
62,1,758.08,619.49,56.51,94.06,0.73
63,1,753.01,621.08,56.22,92.21,0.52
64,1,747.22,625.00,52.01,88.86,0.72
66,1,733.27,629.66,42.55,82.20,0.63
67,1,724.96,632.42,41.86,79.74,0.62
68,1,721.80,638.12,36.03,74.13,0.56
70,1,711.65,644.36,34.87,70.48,0.56
81,2,553.00,637.00,84.00,79.00,0.83
82,2,548.20,626.60,88.80,88.60,0.84
84,2,548.91,596.90,96.12,117.24,0.57
85,2,557.02,581.87,95.99,132.71,0.53
86,2,564.80,570.34,99.35,142.53,0.81
87,2,572.92,562.30,106.63,140.96,0.83
88,2,581.74,557.08,116.50,130.48,0.81
89,2,588.87,551.73,125.36,118.95,0.78
93,2,624.08,514.68,157.22,106.86,0.62
94,2,630.88,504.02,156.69,94.75,0.57
95,2,635.16,490.20,155.09,96.93,0.71
96,2,633.28,475.58,155.69,101.71,0.70
97,2,617.41,463.22,170.13,112.83,0.64
98,2,603.89,454.27,182.46,116.97,0.75
99,2,599.57,449.90,184.19,115.36,0.79
100,2,604.68,447.39,175.11,102.82,0.79
101,2,594.06,445.09,183.79,107.54,0.74
194,3,600.00,371.00,150.00,123.00,0.72
195,3,601.60,371.80,147.60,121.40,0.65
196,3,602.68,371.95,144.81,120.32,0.60
197,3,605.40,372.01,141.53,119.96,0.57
265,3,648.00,327.01,156.00,138.00,0.51
272,3,635.76,320.12,167.52,149.50,0.51
273,3,634.93,321.12,168.20,148.84,0.55
274,3,634.65,320.16,168.43,149.92,0.60
278,3,638.27,320.75,165.51,146.56,0.51
281,3,635.49,321.75,169.29,146.88,0.54
282,3,633.70,320.52,171.94,147.67,0.54
283,3,631.10,321.43,174.17,148.60,0.58
284,3,630.14,321.78,175.00,148.94,0.57
285,3,629.80,321.91,175.28,148.41,0.61
286,3,629.70,321.96,176.01,148.19,0.62
287,3,628.37,321.98,177.58,148.11,0.62
288,3,629.20,321.99,176.83,148.07,0.64
289,3,629.54,321.99,176.51,148.05,0.63
290,3,629.69,322.00,176.37,148.04,0.64
291,3,629.77,322.66,175.63,147.37,0.66
292,3,629.81,322.91,175.34,147.12,0.69
293,3,629.84,322.34,175.87,148.35,0.68
294,3,629.86,322.12,176.06,148.81,0.61
295,3,629.88,321.38,175.46,149.64,0.51
308,3,635.85,321.99,168.15,147.06,0.53
309,3,638.88,321.31,165.79,144.87,0.56
310,3,646.56,320.43,158.33,141.49,0.57
348,3,595.14,319.97,212.90,122.03,0.51
349,3,569.39,321.47,235.50,149.67,0.88
350,3,559.65,322.53,218.37,156.01,0.85
351,3,597.00,321.01,198.75,147.44,0.74
352,3,590.82,319.69,210.38,153.82,0.89
353,3,565.24,319.87,238.47,159.37,0.83
354,3,555.60,321.24,249.06,158.81,0.86
355,3,551.79,321.12,253.88,159.11,0.85
356,3,550.44,320.42,255.61,160.45,0.85
357,3,550.07,320.14,255.47,160.88,0.82
358,3,550.72,320.04,255.26,161.62,0.85
359,3,552.40,320.00,254.38,163.80,0.90
360,3,553.16,319.99,254.56,165.87,0.91
361,3,553.55,319.33,254.52,167.25,0.90
362,3,553.78,318.43,254.40,169.02,0.90
363,3,553.30,318.08,254.26,169.63,0.91
364,3,553.18,317.96,254.12,170.45,0.91
365,3,552.54,317.27,253.99,171.36,0.91
366,3,552.35,317.01,253.88,172.30,0.91
367,3,551.02,316.92,255.09,172.61,0.90
368,3,551.22,316.24,254.19,173.98,0.91
369,3,551.35,315.99,253.79,174.46,0.90
370,3,551.44,315.90,254.25,174.59,0.90
371,3,551.51,315.22,254.40,175.90,0.91
372,3,551.57,314.97,253.76,176.36,0.90
373,3,551.62,314.89,253.48,176.49,0.91
374,3,551.67,314.87,254.01,176.50,0.91
375,3,560.28,314.21,244.96,177.79,0.88
377,4,37.00,212.00,631.00,394.00,0.80
378,4,81.80,224.80,608.60,430.80,0.93
379,4,129.52,256.39,576.94,444.42,0.92
380,4,168.91,331.95,542.69,382.93,0.90
381,4,183.98,423.76,519.94,295.64,0.91
382,4,200.60,510.43,493.98,208.40,0.60
382,3,536.45,350.85,254.44,165.78,0.85
383,4,215.59,544.08,490.10,172.47,0.61
383,3,535.53,363.94,251.68,162.08,0.80
384,3,535.23,376.14,252.06,160.24,0.85
385,3,534.51,388.46,252.84,154.25,0.77
386,3,535.62,398.22,251.80,148.70,0.59
387,3,536.10,405.58,254.69,143.36,0.75
388,3,538.95,412.05,254.45,138.12,0.72
389,3,540.08,415.45,256.31,133.63,0.70
390,3,540.53,416.38,259.63,129.41,0.70
391,3,540.72,414.38,260.20,130.11,0.53
392,5,429.00,566.00,341.00,144.00,0.86
393,3,457.79,476.72,304.53,192.15,0.91
394,3,433.95,439.71,352.79,256.52,0.90
395,3,414.92,423.15,314.52,280.41,0.79
396,3,391.56,397.56,296.53,304.57,0.88
397,3,363.36,371.45,292.48,334.99,0.89
398,3,344.13,352.10,286.31,354.60,0.88
399,3,330.12,340.81,285.22,369.73,0.86
400,3,320.08,328.10,284.77,380.48,0.83
401,3,314.18,319.79,283.90,383.16,0.89
402,3,313.14,313.28,282.21,391.29,0.89
403,3,311.25,313.89,282.21,390.35,0.89
404,3,310.30,312.26,280.21,392.65,0.89
404,6,581.00,425.00,222.00,120.00,0.71
405,3,309.02,314.87,278.12,391.23,0.90
405,6,580.20,425.80,222.80,119.20,0.78
406,3,305.58,315.94,274.67,390.24,0.91
406,6,578.51,426.73,222.95,118.27,0.78
407,3,302.63,316.38,273.38,389.49,0.91
407,6,576.38,427.82,222.23,118.75,0.76
408,3,297.82,314.63,274.92,392.10,0.91
408,6,573.52,430.38,221.25,118.17,0.70
409,3,293.63,313.98,277.50,392.82,0.91
409,6,571.20,432.63,220.21,117.98,0.69
410,3,290.32,317.01,278.48,390.19,0.92
410,6,569.08,434.75,219.18,116.52,0.56
411,3,288.66,315.58,277.53,390.86,0.91
411,6,567.04,438.21,217.45,113.92,0.51
412,3,286.30,316.36,277.83,390.24,0.92
412,6,565.71,442.83,216.18,110.93,0.59
413,3,284.29,318.65,277.95,388.48,0.91
413,6,563.95,449.23,216.44,105.76,0.64
414,3,283.74,319.53,277.33,386.96,0.91
414,6,562.71,450.00,217.92,106.75,0.72
415,3,283.72,318.55,277.09,385.57,0.90
415,6,561.65,447.47,221.85,111.90,0.77
416,3,283.88,319.49,277.01,382.92,0.90
416,6,560.66,447.15,225.32,114.46,0.83
417,3,285.41,317.87,274.33,384.45,0.92
417,6,566.29,443.64,218.69,116.78,0.79
418,3,286.79,319.23,272.00,384.28,0.92
418,6,565.19,440.93,220.14,121.61,0.79
419,3,288.76,319.75,272.47,384.12,0.91
419,6,583.38,439.88,200.77,121.48,0.75
420,3,294.87,317.97,271.34,382.67,0.89
420,6,593.91,440.10,188.48,123.36,0.72
421,3,303.22,321.26,268.94,376.10,0.87
422,3,315.04,319.18,267.40,367.57,0.81
422,6,385.17,438.74,391.25,221.58,0.51
423,3,332.07,328.42,264.86,351.65,0.84
423,6,393.55,439.67,382.15,236.65,0.52
424,3,348.38,337.27,263.28,335.60,0.88
425,3,362.98,342.50,259.40,330.53,0.91
426,3,375.60,345.65,256.66,326.14,0.90
427,3,382.72,348.05,253.70,318.63,0.87
428,3,385.78,348.83,253.99,319.44,0.82
429,3,386.01,345.67,252.83,317.87,0.82
430,3,383.85,343.74,249.80,318.79,0.83
431,3,383.49,343.63,247.38,321.26,0.83
432,3,381.83,342.22,246.55,322.28,0.85
433,3,383.07,341.66,244.31,322.10,0.88
434,3,386.74,342.08,240.87,313.47,0.85
435,3,400.68,347.58,234.31,304.94,0.86
436,3,415.15,361.03,236.00,296.51,0.89
437,3,441.58,379.42,257.32,282.76,0.89
438,3,469.17,404.47,246.48,262.20,0.91
439,3,491.79,422.30,234.01,245.32,0.77
440,3,514.60,432.37,215.87,232.09,0.71
441,3,532.65,436.15,198.98,222.30,0.75
442,3,542.56,438.47,189.71,215.13,0.73
443,3,553.78,438.24,181.18,210.25,0.72
444,3,564.77,435.79,174.28,201.30,0.76
445,3,562.47,431.14,182.58,199.94,0.81
446,3,548.13,425.95,199.58,200.42,0.55
447,3,560.21,421.94,196.16,192.70,0.68
448,3,573.24,418.28,189.55,208.79,0.73
491,3,644.32,181.27,429.67,474.63,0.76
492,3,614.81,262.79,443.89,425.33,0.86
493,3,544.87,322.75,443.06,381.52,0.66
494,3,456.35,416.86,433.52,290.26,0.81
495,3,495.33,365.50,382.64,254.84,0.85
496,3,514.14,369.69,362.00,249.12,0.58
497,3,527.64,393.97,348.62,238.38,0.69
504,3,467.45,540.18,283.56,167.69,0.77
506,3,445.44,560.69,175.74,134.49,0.63
507,3,458.26,568.71,138.29,122.58,0.58
