65,1,944.00,643.00,67.00,72.00,0.75
66,1,948.80,639.00,69.40,75.20,0.74
67,1,955.05,633.68,70.62,76.57,0.68
68,1,960.27,629.53,72.57,80.87,0.72
72,1,968.54,619.08,78.68,93.29,0.80
73,1,973.22,614.92,78.46,97.67,0.75
74,1,976.81,612.15,78.37,101.84,0.58
91,1,1022.16,505.03,85.92,191.90,0.71
92,1,1020.94,501.33,88.11,194.59,0.80
93,1,1018.56,500.77,90.83,195.40,0.60
94,1,1014.99,500.13,94.45,194.92,0.51
96,1,1008.07,501.00,102.02,192.99,0.59
97,1,1004.42,502.19,104.84,191.52,0.60
102,1,997.22,574.23,65.32,121.27,0.55
103,1,992.94,583.01,60.37,113.47,0.69
104,1,988.43,585.10,57.71,111.50,0.55
109,1,963.67,568.76,64.42,133.31,0.58
110,1,959.08,570.89,64.58,131.75,0.65
111,1,954.87,578.36,67.22,126.37,0.63
112,1,950.16,575.35,69.47,131.44,0.61
242,2,174.00,284.00,143.00,117.00,0.75
243,2,176.40,293.60,143.00,131.40,0.87
244,2,194.59,329.50,136.06,124.43,0.88
245,2,235.73,384.30,125.78,104.58,0.77
246,2,299.64,454.91,105.75,55.87,0.61
259,3,741.00,523.00,271.00,191.00,0.71
260,3,753.00,520.60,259.00,192.60,0.56
261,3,760.82,520.91,250.40,194.44,0.54
262,3,756.14,615.34,140.06,100.74,0.70
263,3,757.91,630.09,102.42,86.91,0.55
264,3,764.54,628.33,90.47,87.04,0.80
265,3,763.77,625.68,86.86,87.78,0.83
266,3,762.73,622.00,92.92,91.64,0.76
267,3,763.87,620.58,101.97,93.15,0.75
268,3,762.87,619.15,127.19,95.33,0.78
269,3,763.78,618.52,137.36,96.25,0.78
270,3,764.77,618.85,141.66,94.67,0.77
271,3,766.43,619.55,143.95,93.52,0.78
272,3,768.99,622.45,142.18,93.19,0.78
273,3,771.27,623.43,138.78,92.47,0.78
274,3,774.74,623.72,127.51,92.28,0.78
275,3,776.69,624.43,117.67,91.60,0.77
276,3,778.70,626.64,113.43,90.07,0.77
277,3,781.41,628.07,112.67,88.89,0.76
278,3,784.36,628.53,111.09,88.51,0.77
279,3,786.05,629.31,110.57,87.75,0.78
280,3,787.94,629.54,107.74,87.52,0.79
281,3,788.56,629.58,106.08,87.48,0.79
282,3,792.09,626.88,104.86,89.51,0.78
283,3,796.69,624.54,102.45,92.26,0.80
284,3,799.65,621.01,100.28,94.63,0.82
285,3,801.31,619.66,102.94,95.54,0.84
286,3,802.52,620.45,103.27,95.89,0.83
287,3,803.55,621.42,102.11,95.36,0.84
288,3,803.17,622.45,102.38,94.49,0.84
289,3,802.96,622.84,102.52,93.50,0.84
290,3,802.82,622.99,102.60,93.13,0.83
291,3,802.71,623.70,102.66,92.33,0.83
292,3,801.96,624.63,102.70,91.38,0.83
293,3,802.30,626.29,102.07,90.36,0.84
294,3,801.06,628.24,103.19,88.66,0.84
295,3,800.57,629.62,103.62,86.70,0.84
296,3,799.71,630.77,103.79,85.33,0.83
297,3,799.36,631.84,104.53,84.85,0.81
298,3,799.22,632.21,104.81,84.71,0.81
299,3,798.49,632.31,105.58,83.34,0.81
300,3,798.87,632.32,107.19,82.87,0.79
301,3,798.35,632.97,108.45,82.72,0.79
302,3,799.46,633.19,108.27,82.69,0.79
303,3,798.56,634.58,109.50,82.04,0.78
304,3,796.25,635.74,111.92,80.48,0.76
305,3,793.42,639.50,113.48,77.25,0.77
306,3,790.38,642.89,116.02,73.37,0.80
307,3,788.58,645.44,116.31,71.32,0.79
308,3,788.57,644.94,119.01,70.65,0.78
309,3,787.94,644.70,121.30,70.45,0.79
310,3,789.02,643.90,121.50,71.78,0.77
311,3,792.08,639.58,120.88,76.30,0.79
312,3,793.93,637.32,120.61,78.63,0.82
313,3,795.30,637.08,122.44,78.24,0.81
314,3,798.43,638.31,123.76,76.77,0.79
315,3,802.23,640.77,119.01,74.89,0.81
316,3,805.68,643.03,117.78,72.19,0.81
317,3,809.58,646.54,121.96,69.85,0.80
318,3,812.96,651.86,130.68,64.29,0.80
319,3,812.29,661.39,122.46,56.05,0.79
320,3,811.22,669.70,115.64,47.48,0.65
322,3,820.18,681.68,102.46,34.81,0.55
344,4,888.00,652.00,85.00,66.00,0.71
345,4,888.00,649.60,85.00,66.80,0.75
346,4,888.00,648.37,85.00,68.49,0.72
347,4,886.44,647.95,86.56,69.06,0.72
348,4,884.47,667.90,90.76,48.41,0.66
349,4,880.32,664.62,96.36,45.50,0.60
364,5,599.00,586.00,136.00,87.00,0.71
365,5,537.40,565.20,147.20,105.40,0.74
366,5,468.00,537.58,156.06,119.57,0.77
367,5,389.42,502.86,165.95,137.07,0.81
368,5,292.74,467.40,197.64,167.52,0.76
369,5,250.63,433.84,182.43,191.17,0.91
370,5,212.40,403.15,172.06,208.14,0.88
371,5,180.89,378.11,166.53,212.27,0.90
372,5,153.43,358.73,167.10,205.01,0.84
373,5,135.83,339.91,165.86,196.02,0.66
374,5,131.45,322.54,158.55,189.27,0.78
375,5,124.10,309.61,154.99,180.33,0.75
376,5,122.24,297.14,150.29,171.80,0.88
377,5,121.08,285.45,149.24,166.24,0.85
378,5,118.33,274.61,150.22,161.27,0.85
379,5,116.20,262.73,153.29,156.56,0.85
380,5,114.83,251.74,155.10,151.99,0.81
381,5,115.07,243.76,155.78,148.88,0.66
382,5,115.19,236.14,160.66,146.35,0.56
551,6,593.00,535.00,95.00,96.00,0.76
552,6,613.00,533.40,87.00,104.80,0.80
553,7,228.00,176.00,428.00,324.00,0.76
554,7,228.80,185.60,418.40,348.00,0.76
554,6,654.06,535.71,72.40,113.86,0.58
555,7,261.56,210.75,362.97,370.59,0.81
555,6,668.14,531.80,61.21,121.29,0.59
556,7,271.98,256.20,320.25,379.42,0.65
557,7,267.82,317.70,305.87,373.02,0.67
557,6,675.86,530.54,55.80,129.98,0.76
558,7,310.55,392.08,270.61,312.09,0.74
559,7,397.76,473.80,209.81,204.86,0.85
560,7,474.72,554.10,177.80,126.11,0.70
585,8,902.00,606.00,70.00,76.00,0.71
586,8,902.00,592.40,74.00,83.20,0.64
587,8,901.24,591.35,70.22,85.29,0.66
588,8,896.22,587.95,81.58,92.11,0.65
589,8,891.94,591.09,71.13,85.82,0.67
590,8,891.30,592.41,73.18,83.90,0.67
591,8,892.53,593.57,71.00,81.83,0.65
592,8,893.81,593.26,74.42,82.52,0.64
593,8,893.61,595.20,83.02,83.46,0.72
594,8,893.55,595.90,87.47,84.49,0.77
594,9,687.00,582.00,53.00,91.00,0.74
595,8,893.57,596.14,89.83,86.88,0.78
595,9,687.00,582.80,52.20,89.40,0.65
596,8,894.25,594.23,90.68,88.43,0.82
596,9,685.45,582.96,51.27,89.87,0.70
597,8,897.15,594.14,90.93,87.68,0.81
597,9,684.94,583.01,47.82,90.80,0.78
598,8,898.95,594.76,92.90,86.04,0.79
598,9,684.07,584.51,46.82,91.82,0.79
599,8,898.99,595.65,94.25,84.07,0.76
599,9,684.58,585.00,47.33,92.14,0.76
600,8,899.65,596.65,92.76,82.66,0.77
601,8,898.60,597.68,92.10,81.47,0.79
602,8,896.88,600.05,91.79,79.03,0.82
603,8,894.92,602.26,90.97,76.11,0.66
603,9,676.43,593.50,63.61,84.71,0.63
604,8,892.86,604.40,89.30,73.03,0.76
604,9,673.71,597.92,68.48,79.54,0.53
605,8,893.42,606.50,86.64,69.91,0.66
606,8,892.32,609.96,82.94,66.78,0.63
606,9,669.66,597.75,71.79,81.23,0.52
607,8,893.29,612.51,78.85,67.11,0.59
607,9,669.05,594.74,71.95,84.62,0.54
608,8,894.34,613.37,75.31,62.53,0.60
608,9,669.48,595.63,71.35,84.51,0.57
609,8,896.80,612.88,72.71,62.30,0.63
609,9,669.01,598.61,71.78,83.10,0.52
610,9,669.50,601.06,71.94,82.53,0.51
611,8,896.11,569.46,111.84,107.19,0.56
612,8,897.55,561.29,118.16,120.81,0.70
661,9,653.00,593.05,69.00,88.99,0.54
669,10,857.00,292.00,63.00,86.00,0.76
670,10,860.20,292.80,65.40,89.20,0.75
671,10,862.33,291.43,68.90,92.86,0.85
672,10,863.07,289.44,78.40,97.15,0.85
673,10,861.92,290.26,94.70,102.84,0.85
674,10,860.83,303.04,107.20,88.13,0.76
675,10,856.60,314.71,121.51,87.17,0.86
676,10,854.21,318.99,130.91,103.79,0.91
677,10,852.59,323.73,139.46,122.77,0.88
678,10,850.70,326.80,145.79,143.35,0.88
679,10,849.94,333.42,149.32,157.32,0.88
680,10,850.29,340.38,151.06,170.40,0.91
681,10,856.14,342.54,145.76,187.28,0.90
682,10,865.66,343.94,133.50,205.65,0.91
683,10,876.77,346.85,118.91,220.98,0.90
684,10,884.33,352.22,108.99,233.24,0.91
685,10,889.01,355.55,104.62,247.28,0.92
686,10,893.99,358.04,102.35,257.70,0.89
687,10,898.40,363.28,100.14,266.01,0.93
688,10,905.99,370.29,93.88,266.56,0.93
689,10,909.97,378.04,93.65,263.85,0.91
689,11,690.00,413.00,67.00,109.00,0.83
690,10,915.33,387.36,90.88,258.58,0.87
690,11,697.20,403.40,67.00,127.40,0.81
691,10,921.19,396.66,88.54,253.59,0.87
691,11,707.07,400.18,63.15,129.30,0.86
692,10,927.23,405.93,89.12,251.40,0.88
692,11,715.14,392.93,63.48,133.04,0.87
693,10,933.97,416.47,86.67,249.04,0.84
693,11,718.01,384.79,64.40,140.04,0.87
694,10,938.27,427.49,85.81,243.34,0.86
694,11,718.66,380.72,64.74,141.70,0.87
695,10,944.38,441.36,82.85,235.67,0.86
695,11,718.64,380.16,64.17,140.76,0.87
696,10,949.11,453.63,81.14,231.95,0.87
696,11,718.44,378.14,63.97,140.26,0.88
697,10,950.62,464.57,83.29,229.82,0.87
697,11,717.54,377.57,63.92,138.63,0.87
698,10,952.38,476.99,83.43,226.97,0.86
698,11,715.75,378.20,63.22,137.27,0.88
699,10,954.84,489.29,81.53,220.53,0.88
699,11,713.65,378.56,62.30,136.04,0.88
700,10,954.90,501.55,82.20,213.38,0.90
700,11,712.82,379.48,59.27,134.20,0.87
701,10,956.13,511.74,83.14,204.00,0.89
701,11,711.77,379.91,59.54,134.16,0.88
702,10,958.46,520.47,82.19,195.83,0.88
702,11,711.39,380.14,59.65,134.14,0.85
703,10,961.86,528.65,79.86,188.88,0.88
703,11,711.90,380.28,59.05,133.45,0.84
704,10,965.00,535.28,77.67,182.40,0.87
704,11,710.73,379.06,59.52,135.85,0.77
705,10,968.05,542.73,76.90,174.75,0.87
705,11,710.29,378.64,59.71,136.74,0.76
706,10,970.39,549.10,77.33,168.05,0.87
707,10,971.81,552.35,77.51,163.80,0.87
708,10,972.22,555.22,79.61,160.43,0.88
708,11,710.03,375.99,60.76,137.87,0.79
709,10,976.90,560.71,77.12,155.31,0.89
709,11,709.98,375.06,60.29,138.66,0.76
710,10,980.57,565.11,75.50,151.61,0.89
710,11,710.62,374.08,60.12,139.60,0.52
711,10,984.50,569.14,74.93,147.06,0.87
711,11,712.85,372.42,60.06,141.26,0.77
712,10,990.51,573.03,71.41,142.88,0.86
712,11,713.69,371.17,62.02,141.88,0.67
713,10,996.00,574.16,71.48,142.27,0.88
713,11,714.00,371.38,63.40,142.10,0.64
714,10,999.88,573.68,74.22,142.88,0.89
714,11,714.76,370.84,64.57,142.17,0.63
715,10,1001.21,571.30,79.19,143.91,0.88
715,11,715.69,370.67,64.36,142.18,0.69
716,10,1004.86,568.93,81.71,146.42,0.90
716,11,715.38,369.98,64.91,142.17,0.56
717,10,1007.45,567.93,85.29,148.10,0.89
717,12,232.00,533.00,249.00,184.00,0.83
718,10,1010.92,567.46,87.30,148.81,0.88
718,12,232.80,528.20,256.20,188.80,0.72
718,11,715.28,367.36,66.62,142.88,0.59
719,10,1012.81,567.19,91.29,149.13,0.89
719,12,234.48,523.46,259.10,194.30,0.67
719,11,717.24,364.18,65.58,143.65,0.70
720,10,1018.57,567.67,90.88,147.98,0.88
720,12,235.83,519.54,261.64,197.72,0.56
720,11,718.61,363.73,63.87,142.60,0.60
721,10,1021.35,570.44,91.96,145.60,0.88
721,11,718.43,363.59,62.57,142.86,0.68
722,10,1025.56,572.74,91.05,142.76,0.87
722,11,717.00,363.58,60.76,142.96,0.73
723,10,1031.62,576.87,88.03,139.08,0.83
723,11,715.77,363.60,60.10,143.00,0.78
724,10,1035.11,580.34,88.17,135.09,0.82
724,11,713.97,362.98,59.20,143.67,0.79
725,10,1039.59,584.90,84.91,130.32,0.81
725,11,713.30,364.08,57.55,141.95,0.78
726,10,1042.45,590.54,82.97,124.59,0.84
726,11,710.35,364.53,58.31,140.62,0.68
727,10,1044.70,595.89,80.92,119.89,0.82
727,11,709.96,364.72,57.94,140.13,0.75
728,10,1045.38,598.36,79.50,116.96,0.79
728,11,709.83,364.80,57.82,140.62,0.81
729,10,1045.49,598.42,79.66,116.72,0.72
729,11,709.80,365.51,57.79,140.15,0.80
730,10,1045.43,595.63,80.41,118.77,0.50
730,11,709.14,365.12,58.47,140.64,0.81
731,10,1043.32,592.53,82.02,121.60,0.65
731,11,708.91,364.98,58.73,140.17,0.79
732,10,1039.15,589.32,85.93,124.70,0.64
732,11,710.16,364.93,58.84,140.66,0.83
733,10,1034.94,588.73,89.35,126.57,0.77
733,11,709.98,364.92,59.55,140.85,0.82
734,10,1028.75,589.79,95.84,124.69,0.67
734,11,709.92,364.92,59.82,141.59,0.72
735,10,1021.90,591.50,99.59,123.33,0.75
735,11,709.91,364.93,59.93,141.87,0.67
735,12,226.22,533.77,212.30,182.11,0.72
736,10,1017.89,593.44,99.76,120.85,0.83
736,11,709.25,365.60,60.63,143.29,0.59
736,12,225.95,536.34,208.28,180.27,0.76
737,10,1013.09,596.13,98.46,118.62,0.79
738,10,1009.96,598.43,101.82,115.83,0.72
739,10,1006.23,602.59,108.86,112.15,0.65
740,10,1005.46,605.42,106.47,109.50,0.68
740,11,706.28,365.09,60.96,146.59,0.63
741,10,1005.25,607.06,103.43,108.61,0.69
741,11,705.28,365.71,61.68,144.92,0.78
742,10,1005.24,607.59,96.27,107.00,0.76
742,11,706.26,365.93,61.92,143.68,0.77
743,10,1002.62,607.04,96.17,107.15,0.78
743,11,708.61,367.33,61.35,141.22,0.84
744,10,1000.38,606.78,101.44,107.93,0.79
744,11,710.18,367.85,59.81,140.97,0.88
745,10,999.58,606.64,103.38,107.60,0.81
745,11,710.11,367.37,59.89,140.89,0.87
746,10,999.99,606.54,104.11,107.52,0.81
746,11,710.08,367.85,59.93,140.21,0.86
747,10,999.55,606.47,105.66,108.20,0.81
747,11,708.74,365.37,59.94,141.95,0.83
748,10,996.82,606.41,108.83,108.48,0.81
748,11,705.58,364.43,61.28,141.95,0.85
749,10,997.75,606.36,106.77,107.95,0.77
749,11,703.75,363.42,64.40,143.28,0.82
750,10,1000.17,607.64,101.29,106.45,0.61
750,11,703.71,363.05,67.52,144.44,0.87
751,10,1000.47,608.77,100.50,106.58,0.73
751,11,704.36,365.55,69.36,142.90,0.87
751,12,230.62,532.15,215.88,183.94,0.58
752,10,999.28,607.83,104.19,107.98,0.64
752,11,704.63,366.51,70.06,143.63,0.77
752,12,230.88,531.29,216.85,185.44,0.69
753,10,1000.16,607.46,110.12,108.52,0.53
753,11,706.05,366.87,68.35,145.22,0.83
754,11,705.96,366.35,66.34,145.16,0.81
755,11,705.27,365.48,65.55,146.45,0.85
755,10,1009.91,610.38,107.21,105.71,0.63
756,11,705.68,363.84,63.92,148.90,0.86
756,10,1015.07,610.28,100.81,105.83,0.60
757,11,707.18,363.87,62.64,149.16,0.85
757,10,1021.61,610.25,98.57,105.87,0.71
758,11,709.08,363.90,60.82,149.23,0.86
758,10,1029.27,610.88,98.49,104.56,0.82
759,11,709.78,364.57,60.83,147.93,0.84
759,10,1034.00,611.10,96.48,104.08,0.82
760,11,710.03,364.17,60.84,148.07,0.86
760,10,1037.65,611.83,96.46,103.25,0.76
761,11,710.78,364.02,59.52,148.12,0.86
762,11,711.04,363.97,59.04,148.13,0.86
763,11,710.46,364.61,59.55,147.46,0.86
764,11,710.23,364.86,59.75,147.20,0.85
764,13,870.00,660.00,75.00,57.00,0.74
764,10,1048.03,622.77,89.71,92.33,0.56
765,11,710.14,364.96,59.84,146.43,0.81
766,11,711.42,365.65,59.21,145.48,0.86
767,11,711.90,365.25,58.99,146.45,0.87
768,11,711.40,363.78,58.25,148.14,0.87
768,10,1057.02,633.22,74.64,82.01,0.50
769,11,708.54,361.91,61.32,147.45,0.84
769,10,1057.57,634.18,71.57,81.01,0.52
770,11,708.14,361.20,63.74,145.87,0.81
770,10,1057.78,634.49,69.97,80.70,0.62
771,11,707.99,360.94,64.68,145.26,0.82
771,10,1056.40,634.56,69.48,80.62,0.62
772,11,707.94,360.86,65.03,145.04,0.82
772,10,1055.85,633.86,70.05,80.62,0.60
773,11,708.58,362.17,65.15,144.30,0.83
773,12,238.00,528.01,228.91,187.98,0.59
774,11,707.52,362.67,65.83,144.69,0.83
774,10,1055.46,631.89,70.56,82.36,0.53
775,11,707.77,362.21,64.77,146.17,0.85
776,11,707.88,361.37,64.35,147.39,0.81
776,12,237.40,529.66,217.20,186.31,0.52
777,11,707.92,361.06,64.84,148.50,0.78
777,12,235.84,532.68,214.60,183.28,0.61
778,11,707.28,360.29,63.70,148.92,0.76
778,12,234.66,533.71,211.73,182.26,0.65
779,11,707.05,360.01,64.59,149.07,0.74
779,12,234.90,533.41,209.39,182.56,0.58
780,11,706.96,359.91,64.91,149.12,0.75
780,12,235.65,533.27,207.25,182.70,0.54
781,11,708.25,359.89,63.71,149.12,0.72
781,12,234.59,533.87,206.52,182.10,0.53
782,11,707.42,359.22,63.91,149.12,0.78
782,12,234.19,534.75,205.65,180.57,0.58
783,11,707.11,358.32,63.99,149.11,0.72
783,12,234.04,535.73,205.39,179.34,0.70
784,11,707.00,358.65,64.01,149.09,0.75
784,12,234.66,538.07,204.68,177.57,0.71
785,11,706.96,358.13,64.02,149.08,0.76
785,12,234.89,539.60,204.47,176.27,0.69
785,10,1041.43,625.25,80.75,89.81,0.65
786,11,706.29,357.94,64.02,149.07,0.76
786,12,234.97,541.47,203.77,173.82,0.63
786,10,1036.89,627.64,81.15,87.41,0.71
787,11,706.04,357.88,63.36,149.07,0.75
787,12,235.01,544.14,204.22,171.60,0.53
787,10,1032.63,629.16,85.84,86.56,0.55
788,11,706.62,357.87,63.77,149.06,0.78
789,11,706.84,357.88,63.93,148.39,0.81
789,10,1022.41,632.96,78.58,83.81,0.72
790,11,706.93,357.89,63.98,147.47,0.83
790,10,1018.14,632.45,75.17,83.16,0.69
791,11,706.96,358.56,64.00,146.47,0.85
791,10,1010.64,632.94,75.41,82.94,0.76
792,11,706.98,358.16,64.01,146.75,0.82
792,10,1006.69,633.11,74.85,81.54,0.75
792,12,237.60,554.37,211.25,163.62,0.76
793,11,705.66,358.01,64.67,146.87,0.84
793,10,1005.99,633.15,71.33,81.03,0.71
793,12,237.86,556.58,212.67,161.59,0.73
794,11,705.83,357.96,65.58,146.92,0.84
794,10,1002.48,634.49,70.74,78.19,0.64
794,12,239.93,557.96,212.50,159.59,0.73
795,11,705.89,357.95,65.92,146.94,0.82
795,12,240.71,558.42,212.41,158.89,0.68
796,11,705.27,357.95,66.70,146.95,0.83
796,10,995.36,638.16,72.30,75.52,0.54
797,11,705.69,356.63,66.33,146.96,0.78
797,10,993.36,639.56,71.53,73.72,0.53
798,11,705.86,356.14,66.18,146.97,0.79
799,11,705.27,356.62,66.77,147.63,0.82
800,11,705.05,356.81,66.99,147.88,0.86
801,11,705.63,356.23,66.41,147.32,0.86
802,11,705.19,356.02,65.52,147.10,0.86
802,12,235.53,546.00,218.66,170.32,0.63
803,11,705.69,356.60,63.85,147.68,0.84
803,12,235.12,543.06,219.04,172.46,0.72
804,11,705.22,356.83,64.56,147.90,0.82
804,12,234.99,541.37,219.16,173.87,0.71
805,11,705.04,355.60,64.83,147.98,0.76
805,12,234.28,540.11,217.88,175.67,0.70
806,11,704.98,355.14,64.93,148.01,0.75
806,12,233.36,537.71,218.04,176.97,0.70
807,11,704.96,354.97,65.63,148.02,0.78
807,12,233.68,535.52,216.77,179.38,0.73
808,11,704.96,354.92,65.90,148.02,0.80
808,12,233.81,534.07,216.28,180.91,0.72
808,10,958.04,655.70,70.04,60.32,0.54
809,11,704.96,354.24,65.33,149.34,0.83
809,12,233.21,533.57,214.77,182.10,0.54
810,11,704.30,354.66,64.46,149.18,0.81
810,12,232.99,532.77,213.54,183.16,0.54
811,11,704.06,356.14,64.12,148.45,0.80
812,11,705.30,356.71,64.00,148.17,0.81
812,12,231.30,528.69,212.27,187.21,0.55
813,11,705.10,355.60,64.63,148.72,0.83
813,12,231.62,527.98,210.70,187.83,0.60
814,11,705.03,355.18,64.86,148.27,0.83
814,12,231.07,527.07,208.81,188.70,0.53
815,11,705.00,355.03,64.95,148.10,0.82
816,11,704.99,354.97,64.99,148.03,0.83
817,11,704.99,354.96,65.00,148.67,0.82
818,11,704.99,354.95,65.00,148.91,0.82
819,11,704.99,354.96,65.01,149.00,0.83
820,11,704.99,354.96,65.67,148.37,0.84
821,11,704.34,354.96,66.57,148.79,0.86
822,11,704.09,354.97,67.57,148.28,0.85
823,11,703.34,354.97,68.59,148.09,0.85
823,10,929.71,656.13,73.94,59.00,0.59
824,11,703.71,354.98,67.67,148.02,0.85
824,10,929.25,653.98,75.41,60.39,0.60
825,11,703.86,354.98,67.30,147.99,0.84
825,10,929.08,654.60,71.99,57.53,0.52
826,11,703.93,354.98,67.15,147.99,0.85
826,10,928.46,653.50,70.64,59.80,0.63
827,11,703.95,354.98,67.09,147.98,0.84
827,10,928.29,653.11,69.48,62.59,0.69
828,11,703.96,354.32,67.72,149.31,0.85
828,10,928.96,652.97,69.06,60.40,0.64
829,11,703.97,354.08,67.30,149.80,0.86
829,10,930.60,652.26,67.58,61.50,0.69
830,11,703.97,353.99,67.79,149.99,0.86
830,10,931.26,652.66,65.70,54.68,0.63
831,11,703.98,353.96,67.32,150.05,0.85
831,10,931.55,652.84,65.02,48.50,0.69
832,11,703.98,354.61,66.47,151.39,0.83
832,10,933.02,652.91,64.80,47.07,0.68
833,11,702.66,354.86,66.15,152.55,0.78
833,10,933.58,652.94,66.08,49.40,0.64
834,11,702.16,354.30,65.37,153.63,0.80
834,10,935.78,652.28,64.58,48.22,0.64
835,11,700.65,353.43,63.74,152.06,0.75
836,11,699.43,353.10,63.81,151.44,0.74
837,11,698.99,352.98,64.51,151.20,0.74
838,11,699.50,352.94,65.44,151.10,0.74
839,11,699.71,352.93,65.14,151.72,0.74
840,11,697.82,352.93,67.01,151.29,0.70
841,11,697.12,352.94,67.71,151.13,0.68
841,10,965.31,646.13,67.79,70.80,0.62
842,11,696.87,352.95,67.97,151.72,0.80
842,10,968.59,646.33,67.36,71.75,0.63
843,11,698.11,352.95,66.75,151.28,0.82
843,10,971.02,645.85,66.54,72.65,0.64
844,11,697.94,352.96,66.94,151.77,0.82
844,10,973.17,644.42,63.58,72.30,0.52
845,11,697.89,352.96,67.01,151.30,0.80
846,11,697.88,353.63,67.03,150.45,0.74
847,11,697.88,353.88,69.01,150.13,0.77
847,10,971.54,646.46,62.21,69.88,0.53
848,11,697.89,353.97,69.75,150.01,0.78
849,11,697.90,354.01,70.03,149.97,0.79
850,11,697.91,354.02,70.12,149.96,0.71
851,11,697.92,354.02,70.14,149.30,0.64
851,10,955.57,647.03,65.58,66.40,0.51
852,11,697.93,354.02,70.14,149.05,0.68
853,11,697.28,354.02,70.79,150.29,0.77
854,11,697.04,354.02,71.03,150.76,0.77
855,11,697.61,354.67,69.79,151.60,0.81
856,11,697.84,354.26,69.97,151.25,0.81
857,11,697.92,354.10,69.37,151.11,0.80
858,11,697.96,354.04,69.14,151.06,0.81
859,11,697.97,354.02,69.05,151.04,0.78
859,12,227.97,525.97,204.01,190.00,0.53
860,11,697.98,354.01,69.02,150.37,0.76
861,11,699.31,354.00,67.02,150.11,0.65
862,11,699.14,354.00,66.93,150.02,0.72
863,11,699.74,354.00,67.57,149.98,0.74
863,12,228.00,526.95,203.08,189.10,0.51
864,11,700.63,353.34,66.50,151.30,0.77
864,12,228.00,527.74,203.00,188.30,0.60
865,11,700.95,353.09,66.09,151.13,0.79
865,12,228.67,528.00,201.62,188.03,0.60
866,11,701.07,353.00,65.95,151.07,0.76
866,12,228.92,528.09,200.44,187.94,0.64
867,11,701.10,352.97,65.91,151.70,0.75
867,12,227.67,528.78,200.69,187.92,0.62
868,11,701.10,352.96,65.90,151.94,0.77
868,12,227.20,530.36,200.13,186.58,0.61
869,11,701.10,352.96,65.90,152.02,0.78
869,12,228.36,531.60,199.93,185.42,0.58
870,11,701.09,352.96,65.91,152.05,0.75
870,12,227.47,531.38,199.87,185.67,0.64
871,11,701.08,352.97,65.92,151.39,0.76
871,12,228.46,532.61,199.86,184.45,0.56
872,11,701.07,352.97,65.93,151.14,0.75
872,12,228.84,533.05,199.87,184.00,0.58
873,11,701.06,352.97,65.94,151.05,0.75
873,12,228.31,533.20,199.22,183.19,0.64
874,11,701.05,352.98,65.95,151.01,0.74
874,12,228.11,533.90,198.98,182.24,0.55
875,11,701.05,352.98,65.95,151.00,0.79
876,11,701.04,352.98,65.96,150.99,0.78
877,11,701.04,352.98,65.96,151.65,0.74
877,12,227.97,535.83,198.11,180.26,0.59
878,11,701.03,352.99,65.97,151.90,0.74
878,12,227.95,536.74,198.01,180.03,0.64
879,11,700.37,352.99,66.63,151.99,0.78
880,11,700.12,352.99,66.23,151.37,0.72
881,11,700.02,352.99,63.42,151.79,0.77
882,11,700.66,352.99,61.69,152.60,0.75
883,11,700.90,354.31,59.72,152.25,0.73
884,11,700.31,354.81,57.67,152.77,0.67
885,11,700.09,355.65,58.30,152.31,0.54
888,14,898.00,281.00,168.00,85.00,0.73
888,11,710.97,354.38,54.54,162.20,0.59
889,14,894.00,285.00,168.00,94.60,0.84
889,11,714.07,353.48,58.28,167.72,0.58
890,14,882.44,299.14,173.40,93.41,0.86
890,11,713.12,352.51,67.95,171.00,0.69
891,14,870.13,316.62,179.04,94.52,0.85
891,11,715.26,351.49,72.80,172.86,0.70
892,14,860.56,335.11,177.07,100.07,0.80
892,11,715.48,350.45,76.03,172.87,0.67
893,14,850.58,352.13,174.71,106.81,0.84
893,11,715.53,350.71,76.64,170.86,0.71
894,14,842.63,367.95,170.27,113.91,0.88
894,11,713.59,350.82,74.89,170.02,0.74
895,14,834.69,380.03,166.55,121.76,0.87
895,11,714.74,352.85,68.92,167.04,0.68
896,14,829.52,393.28,158.30,126.63,0.86
897,14,825.36,401.84,151.20,130.32,0.85
898,14,820.10,410.48,148.80,131.62,0.82
899,14,816.47,415.93,146.69,133.89,0.85
900,14,814.10,420.19,144.01,134.64,0.86
900,11,709.02,350.36,64.49,157.93,0.66
901,14,811.49,422.04,144.52,134.79,0.87
901,11,709.03,348.68,64.01,157.72,0.51
902,14,809.40,421.67,146.15,134.71,0.85
903,14,809.50,419.18,148.84,134.56,0.87
903,11,707.42,342.47,64.69,156.99,0.77
904,14,811.70,412.65,152.55,135.70,0.86
904,11,706.36,341.08,64.94,156.32,0.73
905,14,813.99,403.36,155.95,134.10,0.83
905,11,705.99,340.62,65.69,156.08,0.68
906,14,822.20,392.25,156.61,129.43,0.88
906,11,706.52,340.49,66.63,156.00,0.68
907,14,832.70,376.44,153.57,120.89,0.87
907,11,708.70,339.82,63.69,155.97,0.63
908,14,851.41,358.09,141.11,107.41,0.85
909,14,874.98,335.16,126.12,96.85,0.74
910,14,900.89,312.48,103.98,89.76,0.70
911,14,928.02,290.87,77.33,84.67,0.79
911,11,718.73,333.31,61.29,158.65,0.53
914,11,720.19,332.52,60.15,159.84,0.52
915,11,720.28,331.89,60.02,160.66,0.64
916,11,720.31,331.68,59.97,161.60,0.67
917,11,721.62,331.63,59.96,161.29,0.67
918,11,721.43,331.64,63.28,161.82,0.72
919,11,722.00,331.66,65.15,161.36,0.80
920,11,723.50,331.70,67.17,161.17,0.83
921,11,722.76,333.71,67.93,161.10,0.86
922,11,721.80,336.47,68.20,161.06,0.84
923,11,720.10,340.16,66.98,160.39,0.69
924,11,717.45,344.20,68.46,159.47,0.66
925,11,715.81,347.68,67.70,159.79,0.75
926,11,715.84,348.95,66.72,159.25,0.71
927,11,717.19,350.05,66.99,159.05,0.71
928,11,720.99,349.76,66.43,159.64,0.69
929,11,727.07,350.26,64.88,157.88,0.82
930,11,731.35,349.08,65.62,157.88,0.75
931,11,733.56,347.29,67.21,160.54,0.78
932,11,735.66,345.93,66.50,161.54,0.79
933,11,735.08,346.06,67.54,161.91,0.77
934,11,732.84,347.42,67.92,161.39,0.75
935,11,730.63,348.58,68.72,159.86,0.82
936,11,729.76,349.01,68.35,159.28,0.69
937,11,728.08,349.15,68.20,158.40,0.65
938,11,726.78,348.52,68.14,158.07,0.80
939,11,726.28,346.95,68.76,159.28,0.80
940,11,725.43,346.35,68.99,159.08,0.83
941,11,723.13,346.12,70.39,159.01,0.83
942,11,724.23,346.03,70.25,158.32,0.81
942,10,867.01,617.01,127.99,98.99,0.85
943,11,724.67,346.00,70.19,158.73,0.83
943,10,871.14,605.06,122.05,110.33,0.83
944,11,724.84,345.99,68.83,158.88,0.86
944,10,877.32,589.20,118.89,117.72,0.89
945,11,724.25,345.99,69.64,158.95,0.80
945,10,883.07,571.23,109.69,126.43,0.87
946,11,723.38,345.99,70.59,158.97,0.80
946,10,892.08,552.77,106.87,133.00,0.87
947,11,724.36,345.99,70.29,158.98,0.77
947,10,899.31,534.73,112.67,140.60,0.87
948,11,724.09,345.99,70.16,158.99,0.81
948,10,909.73,521.43,116.71,146.05,0.87
949,11,724.65,345.99,69.45,158.33,0.85
949,10,922.14,511.92,120.24,150.00,0.87
950,11,726.19,345.99,67.85,158.74,0.86
950,10,932.65,503.31,122.24,185.81,0.80
951,11,726.78,345.99,67.24,158.90,0.86
951,10,943.07,497.47,128.86,201.14,0.78
952,11,726.99,345.99,67.02,158.30,0.85
952,10,977.75,494.71,106.94,208.77,0.80
953,11,727.06,345.99,66.95,158.08,0.87
953,10,994.45,496.37,102.49,209.80,0.81
954,11,727.08,346.00,65.60,157.99,0.86
954,10,997.08,501.14,109.26,206.14,0.73
955,11,727.08,346.66,65.10,157.97,0.87
955,10,1003.21,505.89,110.96,199.91,0.75
956,11,727.74,346.91,64.92,157.96,0.86
956,10,1009.15,511.25,111.63,194.63,0.82
957,11,727.98,347.66,64.87,157.96,0.86
957,10,1015.03,518.07,111.23,192.42,0.84
958,11,727.40,347.94,65.53,159.29,0.87
958,10,1019.59,523.43,111.07,189.47,0.88
958,15,915.00,524.00,104.00,132.00,0.86
959,11,727.17,348.04,65.78,159.79,0.86
959,10,1024.32,528.90,109.69,185.56,0.88
959,15,893.40,517.60,112.80,133.60,0.85
960,11,727.74,348.73,66.55,159.31,0.85
960,10,1026.46,532.41,110.50,182.63,0.90
960,15,872.09,511.76,120.46,137.75,0.85
961,11,727.96,348.32,66.84,159.79,0.85
961,10,1026.37,535.11,112.13,181.44,0.92
961,15,848.09,505.20,126.92,143.74,0.90
962,11,728.03,348.82,66.95,159.31,0.86
962,10,1024.15,538.15,114.06,177.62,0.91
962,15,825.99,501.73,135.40,147.06,0.88
963,11,728.06,349.00,66.33,159.12,0.85
963,10,1023.11,541.33,113.48,174.78,0.91
963,15,812.53,497.93,136.20,151.56,0.89
964,11,728.06,349.07,66.10,159.05,0.87
964,10,1021.84,545.19,110.60,171.03,0.91
964,15,806.40,495.37,131.39,155.76,0.88
965,11,729.38,349.08,65.35,159.02,0.87
965,10,1022.49,547.96,104.83,167.60,0.90
965,15,803.72,497.95,122.43,158.50,0.89
966,11,729.87,349.08,65.07,159.01,0.88
966,10,1023.91,550.97,95.91,165.00,0.91
966,15,790.40,505.76,131.49,153.37,0.92
967,11,730.05,349.08,64.97,159.00,0.83
967,10,1022.84,553.39,91.29,162.05,0.90
967,15,775.98,514.32,144.46,141.05,0.91
968,11,730.10,349.73,64.94,157.68,0.84
968,10,1022.36,556.25,87.69,159.65,0.90
968,15,766.26,516.92,151.93,133.51,0.90
969,11,728.79,349.97,65.60,157.18,0.77
969,10,1022.08,559.27,83.74,156.79,0.90
969,15,759.06,512.99,154.14,131.53,0.91
970,11,728.95,349.39,65.19,157.66,0.83
970,10,1023.27,560.99,78.29,153.77,0.89
970,15,753.53,513.63,156.77,126.09,0.90
971,11,728.34,349.17,64.37,157.85,0.84
971,10,1022.89,562.90,75.10,150.70,0.89
971,15,748.57,513.19,159.58,122.77,0.88
972,11,728.11,347.76,64.73,157.92,0.83
972,10,1023.39,564.20,72.04,149.64,0.89
972,15,743.16,517.14,164.42,114.80,0.66
973,11,728.03,347.22,64.87,157.29,0.85
973,10,1022.80,565.96,70.41,147.97,0.89
973,15,742.02,519.28,165.54,111.32,0.59
974,11,727.34,346.36,64.93,157.72,0.85
974,10,1023.93,565.20,69.27,148.77,0.89
975,11,724.43,346.05,67.60,157.88,0.84
975,10,1023.60,564.19,69.67,149.12,0.89
975,15,742.78,524.70,164.42,107.29,0.69
976,11,722.70,345.94,71.20,157.95,0.77
976,10,1024.13,563.10,71.25,149.97,0.89
977,11,720.12,343.92,72.57,158.63,0.77
977,10,1024.30,561.99,73.23,151.66,0.89
978,11,719.13,343.17,71.14,158.23,0.81
978,10,1024.33,561.54,76.01,152.33,0.90
979,11,718.12,342.90,69.89,157.42,0.80
979,10,1024.33,560.69,77.73,153.92,0.90
979,15,750.90,526.77,162.23,107.01,0.65
980,11,717.77,340.83,69.40,158.44,0.84
980,10,1024.96,560.35,79.07,154.54,0.90
980,15,752.76,526.29,162.02,106.31,0.59
981,11,718.98,339.42,67.89,157.50,0.73
981,10,1025.18,560.21,80.25,155.45,0.90
981,15,753.37,524.80,161.95,106.74,0.74
982,11,720.14,337.58,65.31,156.48,0.64
982,10,1025.24,560.15,80.06,155.79,0.90
982,15,754.34,523.58,160.61,107.57,0.72
983,11,718.59,336.92,65.02,153.45,0.77
983,10,1023.93,559.46,80.64,156.58,0.90
983,15,754.80,523.13,160.11,107.88,0.61
984,11,715.36,336.04,64.25,150.98,0.83
984,10,1024.73,559.19,80.21,156.88,0.89
984,15,755.04,524.95,161.26,106.67,0.59
985,11,711.51,335.07,64.64,149.42,0.85
985,10,1025.03,558.43,80.05,157.65,0.89
985,15,756.51,526.31,160.38,104.88,0.66
986,11,709.45,334.08,64.14,150.20,0.84
986,10,1025.12,558.14,79.99,157.94,0.89
986,15,758.45,525.49,158.73,103.54,0.68
987,11,709.39,333.74,64.62,149.86,0.86
987,10,1023.83,557.37,80.63,158.70,0.89
987,15,759.89,525.84,158.11,101.72,0.55
988,11,708.08,333.65,65.47,149.75,0.85
988,10,1022.67,555.76,82.19,159.64,0.89
988,15,762.44,523.97,159.23,101.73,0.62
989,11,708.29,333.64,65.14,149.73,0.86
989,10,1021.58,554.50,84.09,160.64,0.89
990,11,708.42,333.00,64.35,150.41,0.84
990,10,1021.16,554.69,86.11,160.36,0.89
990,15,766.68,525.44,159.00,99.49,0.69
991,11,710.51,331.46,62.73,153.33,0.77
991,10,1021.66,554.78,86.22,160.23,0.89
991,15,771.70,526.45,155.62,98.41,0.88
992,11,711.33,329.59,60.79,154.43,0.75
992,10,1023.82,554.83,86.24,160.17,0.89
992,15,779.50,532.16,151.74,92.68,0.85
993,11,711.65,328.91,60.09,154.85,0.72
993,10,1023.33,554.86,87.54,160.14,0.90
993,15,786.37,534.98,147.64,89.19,0.87
994,11,711.79,330.00,59.85,155.01,0.72
994,10,1022.49,554.88,89.98,160.12,0.90
994,15,792.88,535.97,143.47,87.98,0.86
995,11,711.85,330.44,59.78,155.06,0.71
995,10,1023.47,554.23,90.89,160.76,0.90
995,15,797.21,532.90,140.63,90.30,0.87
996,11,711.88,329.32,59.78,155.73,0.74
996,10,1021.89,554.00,94.48,161.00,0.90
996,15,798.68,532.44,138.99,91.17,0.86
997,11,711.90,328.91,59.79,155.32,0.75
997,10,1021.29,554.58,94.53,160.42,0.90
997,15,800.45,532.25,137.10,89.53,0.88
998,11,711.91,328.78,59.81,155.16,0.75
998,10,1021.71,556.13,93.21,159.53,0.90
998,15,800.99,532.16,137.82,88.27,0.88
999,11,711.92,328.75,59.83,155.75,0.74
999,10,1021.22,556.72,92.00,159.19,0.89
999,15,802.44,532.12,136.81,87.17,0.86
1000,11,711.93,328.76,59.85,155.97,0.71
1000,10,1018.39,557.60,92.83,158.40,0.87
1000,15,804.22,531.43,137.16,84.78,0.86
1001,11,711.94,328.78,61.20,156.05,0.72
1001,10,1017.34,558.59,91.82,157.44,0.86
1001,15,804.80,530.49,137.34,84.60,0.83
1002,11,711.95,328.80,61.70,156.07,0.78
1002,10,1017.62,559.62,89.43,155.76,0.86
1002,15,808.92,528.80,135.45,84.57,0.75
1003,11,711.95,328.82,61.90,156.07,0.75
1003,10,1015.74,559.99,90.50,155.80,0.86
1003,15,815.73,527.52,134.12,84.59,0.83
1004,11,711.96,328.84,60.66,156.07,0.72
1004,10,1015.06,560.12,90.90,155.83,0.86
1004,15,826.85,527.05,130.33,85.30,0.73
1005,11,711.96,328.86,61.51,156.06,0.66
1005,10,1012.85,560.15,92.36,155.85,0.86
1005,15,840.97,527.55,127.62,85.58,0.66
1006,11,711.97,330.20,60.51,155.39,0.50
1006,10,1013.35,559.49,92.90,156.53,0.85
1007,10,1014.22,558.57,93.75,157.45,0.85
1008,10,1014.58,558.22,95.37,157.81,0.85
1008,15,891.59,548.90,105.53,85.02,0.60
1009,10,1014.72,558.08,97.28,157.94,0.84
1009,11,712.80,330.01,61.75,153.37,0.64
1010,10,1014.14,558.03,99.29,157.99,0.85
1010,11,712.94,329.99,61.96,153.05,0.59
1011,10,1011.98,558.01,101.99,158.01,0.86
1011,11,712.98,329.98,62.04,152.28,0.59
1011,15,921.04,576.20,89.84,82.45,0.67
1012,10,1009.86,558.00,103.65,158.67,0.87
1012,11,713.66,327.99,61.40,152.00,0.60
1012,15,927.53,583.51,85.11,81.37,0.64
1013,10,1007.76,558.00,105.56,158.92,0.87
1013,11,713.92,327.25,61.15,151.91,0.53
1013,15,928.75,589.29,83.01,78.33,0.51
1014,10,1006.33,558.00,106.90,159.01,0.87
1015,10,1005.16,557.34,108.03,159.70,0.87
1016,10,1003.44,555.77,109.07,161.28,0.86
1017,10,1002.81,554.53,108.78,161.87,0.87
1018,10,1001.29,554.06,109.93,161.42,0.86
1018,15,925.42,591.67,81.00,75.22,0.51
1019,10,1000.75,554.56,110.99,160.57,0.85
1020,10,999.93,554.76,112.01,161.57,0.87
1021,10,999.64,554.84,112.36,161.94,0.88
1022,10,999.57,556.20,113.77,160.75,0.88
1023,10,999.57,556.73,114.27,160.29,0.88
1023,15,935.98,593.81,69.03,75.92,0.54
1024,10,999.61,555.60,114.42,160.11,0.89
1024,15,937.28,593.00,65.76,78.75,0.53
1025,10,999.64,554.51,114.45,161.36,0.89
1025,15,937.00,592.09,63.42,80.35,0.57
1026,10,999.68,554.11,113.77,161.18,0.89
1026,15,936.82,591.71,60.58,80.30,0.66
1027,10,999.06,554.62,112.16,161.76,0.89
1028,10,998.85,556.80,108.87,160.00,0.88
1029,10,1000.13,558.30,102.94,158.66,0.86
1030,10,1001.99,535.63,101.40,178.73,0.77
1031,10,1003.33,550.80,90.78,163.25,0.81
1032,10,998.94,558.82,87.53,155.12,0.88
1033,10,996.07,563.10,83.73,151.48,0.88
1034,10,993.00,564.64,80.41,150.19,0.86
1035,10,991.26,565.17,75.88,147.74,0.83
1035,11,715.01,326.94,60.01,151.00,0.51
1035,15,935.22,594.26,50.26,86.76,0.64
1036,10,988.61,566.67,73.71,146.20,0.81
1036,15,935.04,594.27,52.84,88.41,0.58
1037,10,987.05,567.19,70.99,142.99,0.81
1038,10,986.57,566.67,70.17,143.21,0.84
1039,10,986.46,565.79,70.66,144.00,0.83
1040,10,986.46,565.43,71.60,143.67,0.82
1041,10,985.83,565.28,73.35,144.92,0.82
1042,10,984.96,565.21,76.04,145.41,0.80
1043,10,982.70,564.51,78.40,148.27,0.84
1044,10,983.17,565.55,78.01,145.42,0.82
1044,11,716.94,326.99,55.17,152.93,0.52
1045,10,983.41,565.94,75.23,140.34,0.81
1046,10,980.86,566.07,77.55,143.83,0.85
1047,10,978.64,567.44,78.39,143.79,0.85
1047,11,719.60,329.58,56.70,152.16,0.63
1048,10,977.18,568.60,78.07,142.47,0.85
1048,11,721.31,329.96,59.01,152.71,0.71
1049,10,976.01,567.70,77.96,142.66,0.86
1049,11,722.56,330.09,60.46,152.23,0.72
1050,10,974.95,566.68,79.90,144.73,0.86
1050,11,723.02,330.79,63.61,151.39,0.78
1051,10,973.93,565.63,80.64,145.52,0.87
1051,11,722.54,332.37,65.45,151.08,0.81
1052,10,974.24,565.23,80.91,145.16,0.86
1052,11,722.98,332.95,66.78,150.97,0.84
1053,10,974.40,565.07,80.36,145.03,0.83
1053,11,722.49,331.83,67.27,151.59,0.83
1054,10,974.50,565.02,80.80,145.64,0.83
1054,11,722.28,330.72,66.12,152.50,0.78
1055,10,973.25,565.00,82.94,145.88,0.84
1055,11,722.19,329.64,65.63,154.16,0.79
1056,10,973.46,564.99,83.74,145.31,0.82
1056,11,721.49,329.88,65.42,154.13,0.80
1057,10,972.91,564.99,85.35,146.41,0.82
1057,11,721.87,329.97,65.32,154.11,0.77
1058,10,973.38,564.33,87.25,147.49,0.85
1058,11,722.67,330.01,65.27,154.09,0.78
1059,10,972.28,563.42,90.56,149.86,0.86
1059,11,722.96,330.02,65.23,154.08,0.81
1060,10,971.88,561.77,92.46,152.07,0.84
1060,11,722.41,330.68,65.20,154.73,0.82
1061,10,972.39,560.50,94.46,154.20,0.84
1061,11,722.85,330.27,61.88,156.29,0.73
1062,10,971.32,560.02,97.14,155.64,0.82
1062,11,721.66,330.11,60.58,156.87,0.74
1063,10,972.85,558.55,98.14,157.48,0.82
1063,11,721.90,330.05,59.45,157.74,0.70
1064,10,970.88,558.00,102.37,158.80,0.82
1064,11,721.31,330.02,59.04,158.05,0.73
1065,10,969.49,557.16,105.24,159.93,0.84
1065,11,721.09,329.35,58.90,156.84,0.77
1066,10,968.32,555.55,108.24,161.63,0.85
1066,11,720.35,329.10,59.53,155.04,0.76
1067,10,968.53,553.65,109.36,162.90,0.85
1067,11,721.40,329.01,59.77,154.35,0.77
1067,16,802.00,571.00,109.00,108.00,0.81
1068,10,969.28,552.94,111.02,163.34,0.86
1068,11,721.80,328.97,59.87,154.10,0.77
1068,16,798.80,566.20,112.20,103.20,0.84
1069,10,969.59,552.71,113.55,163.47,0.84
1069,11,721.95,329.63,59.91,153.34,0.78
1069,16,796.66,562.92,115.87,99.92,0.82
1070,10,970.37,552.65,113.83,163.48,0.81
1070,11,722.00,329.21,59.94,153.72,0.76
1070,16,795.93,556.29,117.13,99.66,0.79
1071,10,971.33,551.99,113.86,164.11,0.82
1071,11,722.02,329.06,59.95,154.53,0.63
1071,16,793.53,553.67,117.43,97.39,0.81
1072,10,973.02,550.45,114.47,164.32,0.77
1072,11,722.03,328.34,59.96,155.50,0.51
1072,16,787.75,550.83,121.04,97.47,0.63
1073,10,974.97,543.98,118.56,170.28,0.75
1073,16,785.12,548.61,120.86,98.98,0.75
1074,10,977.00,525.34,125.89,188.73,0.81
1074,16,782.90,546.58,120.01,100.23,0.71
1075,10,979.06,510.74,129.95,202.63,0.86
1075,16,783.57,544.61,119.64,100.71,0.80
1076,10,979.86,504.94,131.48,208.15,0.88
1076,16,787.97,543.34,117.43,102.24,0.85
1077,10,980.16,502.76,131.35,210.85,0.89
1077,16,794.43,540.96,115.22,103.48,0.85
1078,10,980.90,502.70,129.91,210.48,0.90
1078,16,801.59,540.16,113.04,103.93,0.83
1078,11,721.08,327.06,60.92,152.25,0.71
1079,10,982.47,502.84,128.62,210.18,0.90
1079,16,808.95,538.64,110.21,106.08,0.85
1079,11,721.69,326.98,61.00,151.29,0.71
1080,10,983.05,503.03,127.40,210.59,0.89
1080,16,815.00,536.82,108.51,106.22,0.89
1080,11,722.55,326.95,61.69,150.98,0.75
1081,10,985.22,503.22,125.57,210.63,0.89
1081,16,820.51,536.22,105.21,105.59,0.88
1081,11,722.87,326.94,61.95,150.21,0.76
1082,10,986.01,503.41,124.17,210.53,0.89
1082,16,823.78,535.42,101.99,105.99,0.89
1083,10,987.60,503.58,122.94,210.39,0.88
1083,16,826.21,533.87,99.51,106.13,0.89
1083,11,722.26,326.90,60.47,150.74,0.57
1084,10,988.83,504.40,121.79,210.90,0.86
1084,16,827.64,532.69,97.99,106.16,0.88
1085,10,989.92,517.89,121.35,196.60,0.83
1085,16,830.77,530.33,96.15,105.50,0.86
1086,10,990.30,528.67,121.83,185.50,0.85
1086,16,834.50,525.54,92.83,107.23,0.87
1087,10,991.72,532.60,122.01,181.45,0.87
1087,16,839.15,521.83,90.33,109.18,0.87
1088,10,992.23,531.95,122.73,181.39,0.86
1088,16,843.43,521.80,90.87,107.94,0.86
1089,10,993.04,531.00,124.31,182.08,0.86
1089,16,850.93,521.24,89.77,108.76,0.85
1090,10,993.98,531.27,124.90,181.04,0.86
1090,16,856.93,521.09,88.09,109.06,0.74
1091,10,994.30,531.34,125.11,180.70,0.86
1091,16,861.67,523.08,87.53,109.16,0.84
1091,11,721.06,325.96,59.06,151.95,0.50
1092,10,994.39,531.34,125.17,180.60,0.87
1092,16,865.94,523.90,89.41,109.84,0.67
1092,11,720.99,326.63,58.99,151.32,0.51
1093,10,994.39,533.97,123.87,178.61,0.86
1093,16,868.04,526.23,92.12,110.08,0.54
1094,10,993.70,535.60,122.69,177.89,0.85
1094,16,869.35,528.47,93.82,108.18,0.53
1095,10,992.08,536.17,122.24,177.00,0.85
1095,16,871.02,532.67,92.52,104.79,0.76
1096,10,990.80,537.02,120.75,176.70,0.87
1096,16,872.82,535.61,93.36,105.52,0.81
1097,10,989.64,539.29,120.19,175.29,0.87
1097,16,872.72,540.65,96.33,102.48,0.87
1097,11,720.03,328.77,59.91,149.20,0.50
1098,10,989.20,540.11,119.99,174.80,0.86
1098,16,872.60,545.22,98.10,99.99,0.85
1099,10,988.38,541.04,119.26,173.98,0.84
1099,16,871.14,550.23,98.77,96.40,0.86
1100,10,987.41,525.39,122.31,189.01,0.78
1100,16,870.48,552.69,99.68,94.44,0.87
1101,10,985.74,513.26,124.11,202.19,0.80
1101,16,869.50,554.87,100.01,93.76,0.87
1102,10,985.11,507.88,125.45,207.98,0.84
1102,16,869.06,556.26,98.82,93.56,0.86
1102,11,719.95,328.10,61.83,150.83,0.51
1103,10,984.23,504.53,125.95,210.20,0.85
1103,16,868.82,557.37,99.66,95.54,0.83
1103,11,719.96,329.39,62.00,149.63,0.53
1104,10,982.60,503.31,127.44,210.97,0.84
1104,16,868.69,560.37,98.66,94.31,0.81
1105,10,982.00,502.28,127.99,212.48,0.88
1105,16,869.25,562.10,98.27,93.87,0.80
1106,10,981.79,501.97,128.83,212.97,0.88
1106,16,870.09,564.66,98.12,92.40,0.81
1106,11,720.83,328.26,60.34,152.49,0.53
1107,10,981.73,501.27,129.14,213.73,0.88
1107,16,869.70,566.88,98.72,90.54,0.76
1108,10,981.73,501.08,129.23,213.94,0.85
1108,16,869.52,568.29,100.26,88.54,0.76
1109,10,981.75,501.73,129.25,213.30,0.85
1109,16,869.43,568.73,102.15,87.84,0.74
1109,17,232.00,565.00,209.00,152.00,0.76
1110,10,981.78,502.05,129.23,212.98,0.85
1110,16,868.71,570.16,104.82,84.94,0.79
1111,10,980.48,502.22,129.87,212.81,0.86
1111,16,869.07,572.63,110.38,79.85,0.80
1112,10,980.01,501.68,130.10,213.35,0.86
1112,16,869.20,574.14,113.77,76.67,0.82
1113,10,981.16,502.18,129.51,212.85,0.85
1113,16,869.87,574.60,114.41,74.93,0.81
1114,10,980.30,502.41,129.93,212.62,0.85
1114,16,870.12,576.06,115.26,73.02,0.77
1115,10,979.98,502.53,130.08,212.49,0.84
1115,16,871.50,578.57,116.19,71.73,0.71
1116,10,981.19,502.60,129.47,211.76,0.78
1116,16,872.66,580.09,116.50,69.98,0.73
1117,10,981.67,502.66,129.22,211.45,0.80
1117,16,874.40,580.56,116.57,69.43,0.73
1118,10,981.19,502.70,128.46,211.31,0.76
1118,16,875.04,581.35,115.91,69.29,0.76
1119,10,980.35,502.74,129.49,211.24,0.72
1119,16,874.60,581.58,116.27,69.30,0.74
1120,10,980.70,502.77,128.56,211.20,0.76
1120,16,874.41,581.61,116.37,69.36,0.71
1121,10,980.85,503.46,128.86,210.51,0.79
1121,16,873.65,580.90,116.38,70.10,0.68
1122,10,980.90,503.73,128.97,210.24,0.79
1122,16,874.01,581.27,117.67,69.08,0.68
1123,10,980.93,503.84,129.01,210.13,0.79
1123,16,873.47,581.36,117.48,68.73,0.72
1124,10,980.95,503.89,129.03,211.41,0.80
1124,16,873.91,580.70,116.07,68.64,0.72
1124,11,720.01,330.00,61.98,153.00,0.67
1125,10,980.95,503.26,129.03,211.22,0.80
1125,16,874.07,579.76,115.50,69.30,0.71
1125,11,720.67,330.03,61.34,153.00,0.67
1126,10,980.96,503.68,129.03,210.48,0.80
1126,16,874.12,575.42,111.97,74.21,0.58
1126,11,720.23,332.04,61.12,152.34,0.80
1127,10,980.97,503.85,129.03,210.20,0.80
1127,11,720.07,332.78,61.04,152.09,0.77
1128,10,980.97,503.26,129.02,211.41,0.84
1128,11,720.01,333.05,61.68,152.00,0.76
1129,10,980.31,503.04,129.68,211.86,0.86
1129,11,720.65,333.14,62.57,151.97,0.71
1130,10,980.07,502.96,129.93,212.02,0.87
1130,11,721.55,332.49,64.23,153.29,0.85
1131,10,979.98,502.94,130.02,212.08,0.88
1131,11,722.54,331.58,68.12,154.45,0.87
1132,10,979.95,502.93,130.05,212.09,0.87
1132,11,722.92,329.90,70.87,154.88,0.87
1132,16,880.62,562.00,89.59,99.98,0.51
1133,10,979.94,502.94,130.05,212.09,0.87
1133,11,722.41,328.61,71.28,155.04,0.85
1133,16,883.33,560.32,83.39,102.66,0.67
1134,10,979.95,502.94,130.05,212.08,0.88
1134,11,722.85,328.78,70.76,154.43,0.86
1134,16,885.48,559.68,79.56,103.67,0.76
1135,10,981.27,502.29,129.39,212.73,0.88
1135,11,722.36,328.86,70.52,154.19,0.85
1135,16,886.17,559.46,77.67,104.00,0.79
1136,10,981.78,502.05,129.13,212.97,0.87
1136,11,722.17,328.89,70.40,154.09,0.85
1136,16,885.67,559.42,78.52,104.06,0.78
1137,10,981.96,501.96,129.04,213.06,0.87
1137,11,722.75,328.91,69.68,154.06,0.86
1137,16,885.46,559.44,79.58,103.37,0.76
1138,10,982.03,502.59,129.00,212.42,0.83
1138,11,723.62,328.93,68.72,154.04,0.86
1138,16,884.68,558.18,80.71,103.69,0.81
1139,10,982.05,502.84,128.99,212.17,0.81
1139,11,723.28,328.94,69.00,154.03,0.86
1139,16,884.37,559.03,83.20,103.11,0.79
1140,10,980.73,503.59,130.31,210.76,0.80
1140,11,723.15,329.61,69.10,153.36,0.87
1140,16,882.92,560.05,86.14,102.83,0.74
1141,10,980.89,503.22,129.49,211.54,0.79
1141,11,723.10,329.86,69.12,153.11,0.87
1141,16,881.70,561.12,89.89,101.37,0.75
1142,10,980.29,504.40,130.49,209.86,0.77
1142,11,723.07,329.96,69.12,153.02,0.87
1142,16,880.59,561.55,91.33,100.10,0.67
1143,10,980.73,530.04,122.96,184.03,0.76
1143,11,723.06,329.99,69.11,152.98,0.87
1143,16,880.16,562.39,93.83,98.27,0.60
1144,10,980.22,542.78,118.70,171.91,0.78
1144,11,723.71,330.67,68.44,152.31,0.87
1144,16,879.35,563.39,95.43,96.89,0.63
1145,10,980.04,543.52,119.22,170.70,0.76
1145,11,723.95,330.26,68.18,152.72,0.87
1146,10,979.98,537.53,120.77,177.88,0.75
1146,11,723.37,330.10,69.40,152.88,0.86
1147,10,979.96,528.00,122.70,187.85,0.77
1147,11,723.81,330.04,68.55,152.95,0.86
1148,10,980.62,532.86,121.47,182.48,0.74
1148,11,723.97,330.02,66.88,152.97,0.86
1148,16,877.29,577.24,106.55,81.03,0.69
1149,10,980.87,519.99,123.01,196.49,0.73
1149,11,724.03,330.67,65.59,151.66,0.86
1149,16,877.07,578.90,107.82,79.12,0.68
1150,10,1000.10,540.53,94.57,146.67,0.58
1150,11,723.38,332.24,65.78,151.17,0.83
1150,16,878.28,579.40,106.97,78.54,0.70
1151,10,986.60,550.98,104.31,156.00,0.67
1151,11,723.80,333.49,65.86,150.32,0.84
1151,16,879.41,578.85,107.26,79.75,0.57
1152,10,981.56,554.01,106.90,158.41,0.70
1152,11,723.96,333.95,65.89,150.02,0.85
1152,16,880.49,580.63,106.70,79.56,0.73
1153,10,979.62,557.02,105.98,158.76,0.79
1153,11,724.01,334.11,65.25,149.91,0.80
1153,16,880.90,581.25,105.14,80.21,0.69
1154,10,978.25,558.01,107.02,158.32,0.77
1154,11,723.36,334.81,65.02,149.22,0.81
1155,10,976.44,559.59,108.76,157.56,0.81
1155,11,723.12,334.40,64.27,150.30,0.79
1155,16,881.12,586.14,104.34,80.67,0.69
1156,10,975.14,559.40,112.74,158.01,0.80
1156,11,723.03,334.24,64.00,150.05,0.79
1156,16,880.49,587.06,102.04,83.64,0.75
1157,10,975.33,558.56,114.25,158.90,0.83
1157,11,723.00,334.82,63.91,149.30,0.79
1157,16,879.59,588.69,99.89,84.04,0.76
1158,10,974.79,557.51,117.44,160.61,0.88
1158,11,722.99,335.04,63.89,149.02,0.78
1158,16,879.91,593.21,97.11,84.83,0.72
1159,10,975.92,555.72,118.00,161.28,0.89
1159,11,722.98,334.44,63.89,149.59,0.78
1159,16,875.99,596.20,96.77,87.08,0.55
1160,10,977.70,554.33,117.54,162.23,0.89
1160,11,722.32,333.55,64.56,151.13,0.74
1160,16,875.89,600.54,93.33,89.87,0.83
1161,10,979.07,553.76,118.00,162.60,0.90
1161,16,875.87,605.40,89.38,92.21,0.88
1162,10,979.60,553.51,118.15,162.76,0.90
1162,16,877.92,611.10,83.22,94.39,0.85
1162,11,720.46,333.15,59.43,152.60,0.59
1163,10,979.15,554.05,118.20,162.17,0.90
1163,16,879.37,619.05,78.29,90.67,0.86
1163,11,719.34,333.06,58.27,152.92,0.69
1164,10,978.33,556.88,117.54,159.97,0.90
1164,16,879.88,626.01,74.57,85.82,0.78
1164,11,718.98,333.68,57.89,152.37,0.77
1165,10,976.70,559.24,115.96,157.16,0.88
1165,16,881.44,630.50,69.90,83.96,0.80
1165,11,718.86,335.24,57.77,151.49,0.77
1166,10,979.42,560.76,110.70,153.46,0.83
1166,16,881.97,636.70,64.89,79.27,0.77
1166,11,718.83,336.49,57.08,150.50,0.74
1167,10,975.07,561.95,112.76,152.12,0.82
1167,16,883.55,640.87,59.77,73.44,0.74
1167,11,718.83,335.62,56.85,150.13,0.73
1168,10,972.85,563.02,113.51,150.33,0.82
1168,16,884.77,644.94,58.22,69.28,0.65
1168,11,718.85,335.28,57.45,149.99,0.70
1169,10,972.70,566.04,112.47,147.70,0.79
1169,11,718.86,334.48,57.69,151.27,0.69
1170,10,972.00,567.12,113.42,146.78,0.81
1170,11,718.22,334.18,56.47,151.76,0.65
1171,10,973.09,566.80,115.76,147.16,0.78
1171,11,717.98,335.38,56.69,151.28,0.62
1172,10,986.64,569.30,102.86,134.03,0.63
1172,11,717.90,336.50,56.78,151.10,0.59
1173,10,980.98,574.32,106.73,133.92,0.72
1173,11,718.55,336.91,57.50,151.03,0.54
1174,10,991.00,577.37,96.11,126.50,0.68
1174,11,719.46,337.06,59.09,151.66,0.59
1175,10,987.26,581.84,96.87,124.57,0.76
1175,11,719.80,335.79,59.69,153.22,0.74
1176,10,990.69,585.39,89.73,118.53,0.77
1176,11,721.25,333.32,59.27,156.44,0.75
1177,10,990.54,590.01,85.77,113.04,0.83
1177,11,720.48,336.32,59.76,155.03,0.74
1178,10,990.45,595.00,85.86,109.85,0.86
1178,11,720.19,340.12,61.92,153.14,0.86
1179,10,990.39,600.77,86.65,108.19,0.82
1179,11,718.78,342.87,63.38,150.43,0.85
1180,10,986.30,606.80,91.72,105.68,0.78
1180,11,718.88,343.88,64.58,149.41,0.85
1181,10,984.14,611.55,98.19,102.86,0.74
1181,11,718.92,342.90,65.03,149.04,0.83
1182,10,991.72,616.52,94.22,98.56,0.81
1182,11,718.29,341.18,65.18,150.24,0.82
1183,10,996.11,619.49,95.95,94.41,0.53
1183,11,718.71,340.51,62.61,151.35,0.83
1184,10,1004.27,620.35,92.65,93.78,0.74
1184,11,718.21,337.61,62.25,153.10,0.80
1185,10,1008.69,619.17,90.72,95.03,0.74
1186,10,1006.91,618.63,93.37,96.25,0.71
1190,10,1011.23,615.23,71.77,99.39,0.69
1191,10,1009.85,615.88,65.37,99.97,0.70
1192,10,1009.52,616.76,62.94,98.85,0.76
1193,10,1009.38,619.06,60.11,97.09,0.63
1210,11,713.01,357.90,84.89,142.05,0.51
1211,11,709.82,357.50,85.94,141.88,0.66
1216,18,1045.00,600.00,56.00,95.00,0.71
1217,18,1047.40,599.20,55.20,95.80,0.74
1218,18,1047.86,599.81,55.82,95.19,0.77
1219,18,1048.02,600.02,56.02,94.98,0.76
1220,18,1048.80,600.07,54.57,94.18,0.78
1221,18,1048.31,599.34,54.82,94.66,0.75
1222,18,1046.72,598.38,54.91,94.14,0.77
1223,18,1045.46,597.35,54.94,93.96,0.79
1224,18,1045.70,596.99,55.65,93.91,0.79
1225,18,1045.13,596.20,56.58,94.58,0.77
1226,18,1046.27,595.92,58.26,94.16,0.79
1227,18,1046.70,593.82,60.86,96.03,0.71
1228,18,1040.36,593.73,70.30,106.67,0.73
1229,18,1043.57,593.69,70.12,102.95,0.75
1230,18,1041.12,594.39,74.44,111.89,0.75
1231,18,1040.19,595.28,76.07,114.51,0.72
1232,18,1036.01,595.65,79.85,115.48,0.70
1233,18,1034.39,595.81,81.28,116.44,0.80
1234,18,1032.50,597.17,83.70,116.74,0.81
1235,18,1033.07,598.36,82.67,116.15,0.80
1235,19,221.00,452.00,232.00,222.00,0.74
1236,18,1033.35,598.81,83.47,115.86,0.82
1236,19,238.60,451.20,240.80,224.40,0.60
1237,18,1032.83,598.98,85.02,115.70,0.75
1237,19,272.41,461.03,250.09,230.24,0.73
1238,18,1030.72,599.04,87.51,115.60,0.74
1238,19,331.92,488.89,218.44,216.89,0.60
1239,18,1027.36,599.72,90.99,114.86,0.63
1239,19,394.93,510.55,204.28,200.79,0.72
1240,19,446.87,524.62,197.70,183.99,0.76
1241,19,494.08,527.99,191.71,185.31,0.60
1242,19,536.91,538.01,185.88,176.61,0.84
1243,19,583.33,549.29,175.07,166.16,0.85
1244,19,635.28,533.01,161.81,181.75,0.80
1245,19,684.06,561.33,147.03,154.57,0.81
1246,19,725.83,584.93,130.31,132.51,0.87
1246,11,727.96,401.95,72.04,137.01,0.63
1247,19,755.54,591.84,118.92,125.91,0.85
1247,11,730.38,405.20,72.62,139.07,0.78
1247,18,1013.60,597.31,102.48,118.84,0.53
1248,19,775.06,603.76,112.29,113.31,0.86
1248,11,731.76,410.29,75.52,137.71,0.86
1249,19,787.42,611.35,107.05,106.08,0.83
1249,11,731.55,414.82,79.27,136.52,0.84
1250,19,792.58,627.86,109.48,88.16,0.84
1250,11,729.45,423.17,80.01,133.38,0.82
1251,19,797.81,639.15,113.22,75.50,0.77
1251,11,726.60,428.86,80.26,132.90,0.85
1252,19,802.19,650.96,114.75,63.26,0.72
1252,11,724.84,435.52,76.99,131.41,0.87
1252,18,1010.89,603.48,104.83,112.62,0.62
1253,19,806.17,658.16,113.49,55.93,0.72
1253,11,722.82,443.89,74.36,128.19,0.87
1253,18,1012.82,551.93,134.99,162.71,0.61
1254,19,813.46,663.43,101.66,51.40,0.54
1254,11,720.74,451.54,72.70,125.68,0.84
1255,19,821.75,675.26,82.72,40.54,0.52
1255,11,718.65,458.88,70.76,124.13,0.85
1256,11,714.53,467.43,70.74,123.62,0.86
1257,11,711.72,476.40,70.75,124.82,0.87
1258,11,707.39,485.50,72.78,125.97,0.86
1258,18,1028.56,601.75,84.59,106.77,0.61
1259,11,703.86,494.65,71.56,128.43,0.84
1259,18,1027.65,609.57,79.34,99.70,0.56
1260,11,701.93,507.74,68.43,126.73,0.83
1260,18,1023.27,612.79,78.73,98.65,0.54
1261,11,699.96,523.73,62.53,123.43,0.72
1261,18,1028.87,611.66,70.18,89.30,0.59
1262,11,700.75,540.78,56.23,123.56,0.69
1262,18,1030.82,613.20,63.76,85.56,0.75
1263,11,697.61,563.38,56.93,118.31,0.73
1263,18,1031.36,614.34,58.27,84.54,0.77
1264,18,1029.97,616.05,55.32,84.36,0.79
1265,18,1026.58,619.34,53.87,89.30,0.61
