135,1,284.00,118.00,196.00,102.00,0.70
136,1,283.20,117.20,196.80,102.00,0.76
137,1,283.82,115.50,196.18,102.00,0.64
138,1,281.69,110.27,197.54,105.89,0.80
139,1,284.74,109.40,197.23,105.64,0.87
140,1,287.23,109.98,197.10,104.02,0.83
141,1,285.94,111.70,199.17,100.58,0.80
142,1,288.90,110.98,198.52,100.05,0.74
143,1,288.58,113.52,198.26,97.81,0.77
144,1,283.00,112.41,202.21,112.17,0.55
145,1,274.25,126.74,203.66,121.62,0.57
146,1,260.98,150.39,207.50,134.92,0.53
148,1,241.89,231.06,208.16,166.13,0.81
149,1,235.30,287.21,212.78,155.12,0.54
154,1,251.52,431.84,214.85,165.07,0.72
155,1,260.57,446.23,217.06,178.65,0.72
156,1,267.55,452.24,221.10,185.88,0.53
158,1,292.45,462.26,217.31,180.42,0.52
160,1,324.35,475.96,216.97,164.27,0.51
161,1,344.31,484.17,217.67,147.60,0.52
163,1,390.26,519.26,209.37,116.74,0.61
164,1,415.43,536.84,203.35,104.83,0.66
165,1,431.30,538.74,198.59,97.84,0.68
166,1,441.33,531.52,194.22,97.97,0.60
167,1,445.83,526.76,191.35,97.45,0.58
168,1,450.36,524.01,189.71,94.67,0.65
169,1,458.97,521.31,184.49,91.08,0.72
170,1,467.75,518.03,177.25,89.99,0.68
171,1,477.29,516.77,174.72,84.91,0.57
172,1,487.79,514.06,169.18,82.56,0.53
173,1,497.29,511.67,162.53,80.49,0.61
174,1,507.79,510.08,154.81,78.52,0.70
175,1,517.28,508.79,150.15,77.26,0.60
176,1,527.78,504.89,143.87,76.24,0.54
205,2,286.00,382.00,182.00,132.00,0.71
206,2,262.00,377.20,198.00,121.60,0.54
207,2,244.01,310.60,205.50,159.09,0.84
208,2,236.02,263.21,207.45,165.63,0.83
209,2,239.77,233.58,199.78,134.44,0.61
211,2,252.84,162.24,203.31,112.80,0.68
212,2,261.30,136.48,204.01,111.09,0.59
212,1,903.83,430.04,87.09,92.96,0.51
213,2,273.76,113.29,198.77,116.33,0.73
213,1,907.58,429.22,85.90,93.21,0.52
214,2,285.80,106.21,194.76,110.58,0.56
215,2,283.23,103.09,198.08,110.72,0.67
216,2,283.51,103.53,195.96,109.48,0.66
217,2,282.78,106.08,196.51,108.46,0.58
218,2,283.07,106.43,196.06,108.86,0.52
219,2,283.08,103.75,195.91,108.41,0.65
220,2,283.00,101.99,195.20,109.65,0.68
221,2,284.23,102.41,194.95,110.16,0.63
222,2,284.62,101.66,195.53,111.73,0.64
223,2,284.05,105.67,196.42,107.71,0.76
224,2,284.44,108.34,196.11,104.87,0.74
225,2,285.20,112.28,195.33,101.85,0.69
226,2,285.44,113.30,194.38,100.80,0.68
227,2,285.49,112.48,194.03,101.14,0.72
228,2,285.47,112.32,193.91,101.32,0.67
229,2,285.43,113.06,193.88,100.10,0.61
230,2,285.38,112.13,193.21,102.36,0.55
292,3,635.00,513.00,79.00,44.00,0.74
295,4,625.00,470.00,105.00,71.00,0.80
296,4,631.40,466.00,97.80,79.80,0.82
297,4,631.87,463.78,96.38,89.59,0.83
298,4,638.36,465.82,83.26,98.25,0.79
299,4,636.96,474.23,75.45,101.92,0.76
300,4,627.82,483.59,85.54,103.64,0.58
301,4,623.22,491.75,90.94,104.02,0.72
302,4,616.85,498.69,91.70,100.60,0.78
303,4,611.86,501.77,98.76,104.47,0.57
304,4,612.05,502.14,171.91,153.75,0.80
305,4,610.66,502.61,198.03,171.99,0.79
306,4,608.49,506.10,212.24,177.11,0.81
307,4,605.85,507.43,220.44,178.80,0.62
308,4,603.01,507.21,151.35,142.83,0.70
309,4,600.76,506.70,116.77,127.58,0.84
310,4,598.72,507.81,107.82,122.92,0.84
311,4,596.01,510.83,107.15,117.14,0.84
312,4,593.79,513.17,106.86,114.86,0.83
313,4,592.42,513.24,106.68,113.96,0.83
314,4,590.00,513.16,108.58,113.58,0.79
315,4,585.86,515.04,110.58,116.09,0.75
316,4,580.42,518.98,113.94,113.03,0.76
317,4,574.52,524.42,116.48,97.05,0.83
318,4,569.09,529.13,121.32,89.45,0.80
319,4,565.18,530.60,123.77,86.29,0.79
320,4,563.79,528.21,122.05,90.89,0.73
321,4,563.42,526.01,121.28,99.86,0.77
322,4,561.43,523.23,120.93,103.85,0.73
323,4,559.47,522.06,120.08,104.13,0.70
324,4,558.85,523.54,120.37,101.59,0.70
325,4,558.71,525.40,119.79,101.25,0.71
326,4,558.77,525.41,119.53,102.45,0.70
327,4,558.87,525.39,120.06,103.55,0.72
328,4,558.99,526.01,119.58,106.58,0.70
329,4,559.77,523.62,120.69,117.49,0.74
330,4,560.11,523.98,119.12,125.38,0.77
331,4,560.31,523.48,117.83,129.77,0.77
332,4,560.42,521.36,118.00,135.90,0.76
333,4,561.83,519.25,118.06,142.05,0.82
334,4,562.39,517.78,117.41,145.04,0.78
335,4,561.30,518.47,116.50,146.75,0.78
336,4,560.25,518.11,114.16,141.54,0.75
337,4,559.88,519.29,113.28,148.51,0.80
338,4,558.43,521.01,112.97,149.15,0.79
339,4,557.91,522.99,109.54,131.80,0.75
340,4,555.73,524.45,108.94,134.86,0.74
341,4,554.96,524.96,108.75,139.86,0.76
342,4,552.71,526.44,109.37,135.22,0.72
343,4,550.57,528.99,109.62,116.66,0.72
344,4,549.81,532.74,109.07,108.03,0.73
345,4,548.24,534.67,108.88,107.99,0.72
346,4,546.37,535.98,110.82,106.66,0.75
347,4,545.05,536.40,112.87,111.04,0.74
348,4,544.59,538.51,111.02,108.66,0.77
349,4,545.14,538.58,111.64,112.53,0.77
350,4,545.38,539.24,111.21,113.30,0.77
351,4,544.84,540.11,112.37,114.94,0.77
352,4,543.35,541.05,112.81,110.96,0.78
353,4,543.48,540.69,111.65,110.78,0.77
354,4,543.56,542.52,111.21,103.42,0.78
355,4,542.96,543.16,112.37,99.98,0.79
356,4,543.42,543.35,111.49,98.80,0.80
357,4,543.62,542.71,111.15,103.84,0.79
358,4,544.38,543.13,110.36,103.70,0.79
359,4,546.01,542.59,110.07,106.34,0.79
360,4,546.63,543.03,109.97,105.37,0.81
361,4,547.53,541.85,108.61,104.35,0.79
362,4,548.53,540.72,109.44,105.31,0.77
363,4,548.90,539.63,109.75,106.34,0.77
364,4,549.70,539.22,109.22,106.08,0.77
365,4,549.99,538.40,109.68,107.96,0.77
366,4,550.09,536.78,109.20,111.30,0.77
367,4,551.44,536.83,109.68,115.81,0.76
368,4,551.94,536.20,109.87,114.95,0.76
369,4,552.11,535.32,109.94,115.22,0.76
370,4,554.14,534.33,108.65,113.33,0.74
371,4,554.90,533.97,108.83,114.57,0.76
372,4,555.16,532.54,108.90,118.95,0.78
373,4,555.23,532.66,108.93,119.94,0.79
374,4,554.58,532.07,107.62,117.03,0.79
375,4,554.98,531.87,108.46,115.86,0.80
376,4,555.12,531.15,109.44,116.07,0.81
377,4,555.16,530.23,111.79,118.77,0.81
378,4,555.16,529.90,113.33,119.12,0.80
379,4,555.15,528.48,113.91,121.86,0.80
380,4,556.45,527.31,114.12,123.53,0.80
381,4,556.93,526.23,114.83,131.32,0.81
382,4,557.76,526.47,114.44,132.33,0.79
383,4,558.06,525.95,114.27,133.95,0.79
384,4,559.48,525.12,114.85,134.52,0.79
385,4,559.34,524.18,115.72,136.64,0.80
386,4,559.92,521.88,115.38,138.06,0.80
387,4,561.45,521.02,115.23,141.80,0.82
388,4,562.01,520.72,115.17,143.83,0.83
389,4,562.20,519.98,115.13,145.86,0.83
390,4,562.91,519.73,113.79,146.58,0.83
391,4,563.82,519.65,111.29,149.39,0.83
392,4,564.14,518.35,111.68,154.31,0.83
393,4,564.90,518.52,113.16,153.57,0.81
394,4,565.16,519.27,110.42,130.99,0.80
395,4,565.24,518.93,109.37,123.86,0.81
396,4,565.91,519.52,107.66,115.29,0.84
397,4,566.81,518.36,109.05,123.42,0.80
398,4,567.79,517.31,108.25,128.81,0.84
399,4,568.80,515.61,109.29,133.52,0.82
400,4,569.15,514.98,111.01,135.33,0.81
401,4,569.92,514.76,109.69,136.01,0.84
402,4,570.85,514.71,107.20,123.78,0.82
403,4,570.50,514.73,108.27,128.50,0.80
404,4,570.36,515.40,109.34,130.79,0.77
405,4,570.28,515.01,112.38,141.52,0.77
406,4,569.59,514.87,110.92,138.49,0.81
407,4,568.64,515.50,109.67,139.15,0.80
408,4,567.61,515.74,109.87,139.37,0.80
409,4,565.89,515.85,109.94,140.73,0.79
410,4,565.25,516.55,111.95,144.49,0.78
411,4,564.36,517.47,111.40,140.04,0.78
412,4,563.36,519.16,112.50,138.23,0.79
413,4,564.31,518.46,110.93,132.90,0.78
414,4,565.36,518.19,110.99,126.84,0.75
415,4,565.75,518.08,111.67,118.52,0.79
416,4,565.90,516.66,111.92,118.97,0.78
417,4,565.96,516.84,112.02,118.49,0.79
418,4,565.99,516.91,111.39,116.36,0.79
419,4,565.99,516.95,111.80,115.63,0.79
420,4,566.00,515.62,112.62,132.22,0.79
421,4,566.00,515.14,112.27,138.09,0.79
422,4,566.00,514.32,111.47,139.17,0.80
423,4,566.00,514.00,111.82,142.78,0.80
424,4,566.00,513.89,111.29,142.18,0.80
425,4,566.00,513.86,111.75,147.10,0.81
426,4,566.00,513.86,111.93,149.58,0.81
427,4,566.00,513.22,111.99,149.18,0.80
428,4,566.66,513.63,111.35,149.61,0.81
429,4,566.25,513.80,111.77,150.37,0.82
430,4,566.09,513.87,111.93,150.61,0.82
431,4,566.03,513.90,111.99,151.31,0.82
432,4,566.01,513.92,112.01,150.22,0.82
433,4,566.66,512.62,110.70,150.41,0.82
434,4,566.91,512.79,110.86,147.82,0.81
435,4,567.00,512.86,110.93,146.79,0.81
436,4,568.35,512.24,110.95,149.03,0.81
437,4,569.52,512.01,110.31,148.55,0.81
438,4,569.95,511.93,109.40,149.00,0.81
439,4,570.10,511.91,109.06,149.15,0.82
440,4,570.14,511.91,108.95,149.19,0.81
441,4,570.14,511.91,108.91,147.87,0.81
442,4,568.81,511.92,108.91,148.02,0.80
443,4,568.30,511.93,108.91,146.09,0.80
444,4,568.11,511.27,108.26,144.68,0.80
445,4,568.70,510.37,106.69,140.84,0.80
446,4,568.92,510.04,106.11,139.40,0.80
447,4,569.66,509.26,105.24,140.23,0.81
448,4,569.94,509.64,104.27,139.24,0.81
449,4,570.70,509.80,105.26,142.21,0.81
450,4,571.64,509.86,104.31,137.41,0.83
451,4,571.98,510.57,103.97,136.23,0.83
452,4,572.10,510.83,103.86,135.83,0.83
453,4,572.80,510.27,103.17,135.04,0.83
454,4,572.38,510.06,103.59,134.77,0.84
455,4,572.22,509.99,103.76,134.70,0.84
456,4,572.80,509.96,103.17,134.70,0.84
457,4,572.36,509.29,104.29,136.71,0.83
458,4,573.50,509.05,104.71,137.48,0.82
459,4,573.26,508.96,104.22,136.46,0.81
460,4,572.50,508.93,104.03,137.40,0.83
461,4,568.90,510.25,105.29,133.81,0.85
462,4,566.23,511.42,107.74,133.78,0.83
463,4,563.93,511.85,108.67,134.44,0.83
464,4,562.41,512.67,109.66,134.05,0.83
465,4,560.55,512.31,110.03,134.57,0.82
466,4,559.21,512.83,111.47,136.76,0.80
467,4,559.39,513.02,110.69,135.62,0.79
468,4,559.50,513.74,109.71,133.20,0.80
469,4,559.58,513.34,109.32,133.62,0.79
470,4,559.63,513.84,108.51,135.11,0.79
471,4,559.02,513.37,106.87,134.36,0.80
472,4,559.47,513.18,104.92,134.08,0.76
473,4,558.33,512.44,103.53,139.27,0.75
474,4,557.26,511.51,104.36,141.85,0.75
475,4,556.22,511.15,105.35,148.05,0.74
476,4,555.19,511.66,104.41,148.46,0.73
477,4,556.16,511.86,104.06,148.56,0.76
478,4,557.21,512.60,103.27,147.90,0.77
479,4,557.62,513.54,102.99,146.30,0.77
480,4,557.12,515.21,103.56,145.66,0.78
481,4,556.95,516.49,103.78,149.35,0.79
482,4,555.57,516.97,104.53,146.80,0.78
483,4,553.08,519.11,105.48,145.11,0.79
484,4,552.82,519.90,103.87,141.14,0.79
485,4,551.41,518.84,105.24,142.31,0.76
486,4,549.59,517.11,105.75,140.76,0.76
487,4,548.27,517.10,107.26,146.83,0.76
488,4,547.80,517.74,107.17,141.25,0.76
489,4,546.34,518.65,107.79,137.01,0.74
490,4,545.81,518.98,108.01,135.46,0.74
491,4,545.65,518.42,108.09,136.24,0.75
492,4,545.62,518.87,107.45,135.23,0.76
493,4,545.63,519.03,107.20,134.87,0.74
494,4,545.01,519.08,108.42,134.76,0.74
495,4,544.79,519.76,108.88,134.08,0.73
496,4,544.73,520.67,109.70,135.84,0.76
497,4,544.73,520.34,110.00,137.17,0.70
498,4,544.75,521.52,110.11,138.34,0.74
499,4,545.43,521.30,108.82,136.81,0.75
500,4,545.71,521.20,108.31,136.23,0.78
501,4,547.15,521.15,108.12,135.36,0.71
502,4,548.36,521.12,106.73,135.03,0.74
503,4,548.82,521.11,106.20,134.92,0.75
504,4,548.32,521.09,107.33,135.55,0.75
505,4,548.13,521.08,107.10,135.14,0.75
506,4,548.72,520.41,106.36,134.32,0.75
507,4,548.94,519.49,106.08,134.69,0.75
508,4,549.02,519.14,105.98,134.83,0.74
509,4,549.04,519.68,105.94,134.23,0.75
510,4,549.05,520.54,105.94,131.36,0.72
511,4,549.71,520.87,105.28,129.62,0.73
512,4,549.95,520.32,105.03,127.66,0.74
513,4,550.04,520.12,104.29,126.29,0.74
514,4,550.06,519.37,104.01,123.81,0.74
515,4,550.07,519.09,104.58,122.92,0.76
516,4,550.07,520.33,104.14,121.96,0.74
517,4,550.06,520.79,103.98,121.65,0.72
518,4,549.39,520.96,104.59,121.57,0.72
519,4,549.80,521.69,104.83,120.91,0.76
520,4,549.95,520.62,104.26,116.70,0.74
521,4,551.99,520.89,103.39,121.91,0.74
522,4,552.76,522.30,103.06,125.09,0.77
523,4,553.69,522.18,101.62,126.99,0.78
524,4,553.37,522.78,101.76,127.06,0.79
525,4,553.23,523.66,101.82,129.05,0.81
526,4,552.51,523.98,103.18,129.80,0.82
527,4,551.57,524.10,103.04,130.07,0.80
528,4,553.19,525.44,101.66,128.18,0.80
529,4,553.80,525.94,101.15,127.45,0.78
530,4,554.02,526.12,100.96,127.17,0.79
531,4,554.09,525.51,100.90,127.06,0.77
532,4,554.11,525.26,100.89,127.68,0.79
533,4,554.11,525.16,100.89,128.58,0.80
534,4,554.10,525.12,100.90,128.25,0.79
535,4,552.10,525.09,102.24,128.78,0.79
536,4,551.35,525.08,102.74,129.64,0.80
537,4,550.41,525.07,103.59,129.96,0.80
538,4,550.72,525.06,103.25,130.07,0.79
539,4,550.84,525.05,103.12,130.10,0.79
540,4,550.24,525.04,103.72,129.44,0.77
541,4,550.01,525.04,104.61,129.85,0.78
542,4,549.94,525.03,104.94,130.00,0.78
543,4,550.57,525.03,105.71,128.73,0.75
544,4,550.16,526.35,104.68,126.25,0.78
545,4,549.35,527.51,104.94,123.99,0.81
546,4,547.07,527.94,106.35,122.49,0.81
547,4,546.22,528.08,106.88,122.63,0.80
548,4,545.91,528.13,107.07,122.03,0.80
549,4,545.81,528.13,107.13,122.50,0.81
550,4,545.79,528.12,107.14,122.69,0.80
551,4,545.14,528.77,108.45,121.45,0.77
552,4,544.91,529.01,108.94,121.00,0.78
553,4,545.49,529.09,107.79,120.85,0.81
554,4,545.07,529.11,108.66,120.81,0.80
555,4,545.58,529.11,107.67,119.48,0.81
556,4,545.79,528.43,107.28,115.01,0.79
557,4,546.53,528.17,106.46,113.35,0.80
558,4,546.82,528.07,106.15,114.12,0.79
559,4,547.59,526.70,104.71,115.77,0.78
560,4,549.22,526.19,104.17,113.76,0.77
561,4,549.82,527.34,103.98,114.36,0.76
562,4,550.03,527.11,103.91,116.59,0.76
563,4,550.77,527.02,103.24,116.78,0.75
564,4,552.36,526.33,102.33,120.17,0.78
565,4,553.61,526.72,101.33,122.09,0.78
566,4,553.39,526.23,102.30,124.78,0.80
567,4,553.29,527.34,102.68,124.49,0.80
568,4,551.91,527.78,102.83,123.04,0.81
569,4,550.72,528.60,103.55,121.81,0.79
570,4,549.60,528.25,104.49,121.99,0.79
571,4,548.52,528.11,104.19,118.10,0.76
572,4,549.43,528.06,103.41,111.93,0.77
573,4,549.79,527.36,103.78,111.68,0.79
574,4,549.92,527.77,103.26,114.96,0.79
575,4,550.63,527.27,102.40,121.46,0.83
576,4,551.57,526.43,101.42,125.21,0.83
577,4,551.91,526.10,101.06,126.00,0.80
578,4,552.03,525.33,100.93,127.59,0.80
579,4,553.40,524.39,100.23,126.86,0.78
580,4,553.90,524.69,99.98,127.85,0.80
581,4,552.09,524.16,101.22,129.52,0.80
582,4,551.40,524.62,101.69,129.47,0.80
583,4,552.46,524.81,101.88,128.76,0.80
584,4,552.86,524.22,101.95,129.12,0.79
585,4,551.68,524.01,101.98,126.61,0.79
586,4,551.23,523.94,102.65,125.62,0.78
587,4,551.07,523.92,102.90,125.25,0.78
588,4,551.00,523.92,102.99,124.44,0.80
591,4,552.68,524.76,103.01,121.52,0.77
595,4,556.59,521.34,99.45,129.95,0.78
596,4,557.02,519.63,99.73,132.94,0.79
598,4,557.17,521.31,99.10,128.60,0.80
599,4,556.46,522.52,100.38,127.34,0.79
600,4,556.21,520.93,100.83,122.25,0.77
601,4,556.11,519.66,101.65,121.73,0.79
602,4,556.06,519.86,101.96,124.24,0.76
603,4,556.70,519.94,100.75,124.54,0.76
604,4,557.61,519.30,98.95,121.36,0.76
605,4,557.27,519.74,99.60,127.55,0.78
606,4,557.15,518.59,99.85,129.80,0.76
607,4,557.09,518.15,99.95,133.94,0.80
608,4,557.07,518.64,99.98,134.86,0.79
609,4,557.05,518.83,100.00,134.53,0.77
610,4,557.04,518.91,100.00,134.38,0.78
611,4,557.04,518.95,100.00,133.65,0.75
612,4,557.03,518.96,100.00,134.67,0.78
613,4,557.03,518.97,100.00,135.04,0.78
614,4,557.03,518.32,100.66,135.82,0.80
615,4,557.02,518.07,100.91,131.50,0.75
616,4,557.68,517.31,101.66,128.49,0.78
617,4,557.93,517.71,101.94,124.70,0.80
618,4,558.67,517.86,102.04,123.31,0.79
619,4,559.61,517.92,103.39,131.53,0.82
620,4,560.61,516.65,102.58,133.87,0.82
621,4,562.31,516.15,102.26,134.78,0.82
622,4,562.93,515.97,102.13,134.45,0.83
623,4,562.49,515.91,101.42,134.31,0.83
624,4,561.64,515.90,101.81,134.89,0.81
625,4,561.31,515.90,101.95,135.10,0.81
626,4,561.17,515.91,102.00,136.48,0.82
627,4,561.11,516.57,102.02,136.99,0.83
628,4,561.08,516.83,102.03,137.82,0.84
629,4,561.07,516.93,102.03,138.12,0.84
630,4,561.06,516.97,102.02,138.87,0.82
631,4,561.05,516.99,102.02,139.14,0.83
632,4,561.04,516.99,102.02,138.56,0.83
633,4,561.70,516.99,101.36,138.98,0.84
634,4,561.94,517.00,101.10,139.79,0.84
635,4,562.03,517.00,101.01,140.08,0.85
636,4,562.06,517.00,100.98,139.51,0.85
637,4,562.06,517.00,100.97,139.94,0.84
638,4,562.06,518.32,100.97,139.43,0.85
639,4,562.72,518.82,101.63,139.89,0.85
640,4,562.96,519.00,101.88,140.71,0.84
641,4,563.04,519.06,101.98,140.35,0.83
642,4,563.73,518.42,101.35,142.18,0.84
643,4,563.32,518.17,105.75,146.80,0.84
644,4,563.81,518.07,106.07,147.24,0.84
645,4,564.00,517.38,106.18,146.71,0.84
646,4,563.41,518.43,104.89,143.19,0.85
647,4,562.51,518.83,105.70,141.82,0.84
648,4,563.49,518.98,105.34,140.64,0.84
649,4,563.86,519.03,105.19,139.53,0.83
650,4,564.00,517.72,105.79,139.78,0.83
651,4,564.04,517.22,106.01,139.88,0.83
652,4,564.06,517.04,106.08,139.92,0.82
653,4,563.40,516.97,107.42,139.28,0.83
654,4,563.15,516.95,107.92,138.38,0.83
655,4,563.71,516.95,106.78,138.05,0.81
656,4,563.26,517.62,107.65,137.27,0.83
657,4,563.09,518.53,107.97,135.00,0.82
658,4,563.68,517.54,106.77,132.15,0.78
659,4,563.91,517.84,106.30,130.45,0.77
660,4,563.99,517.28,106.12,130.52,0.77
661,4,564.68,515.74,108.03,133.91,0.78
662,4,565.60,515.18,107.44,131.89,0.78
663,4,565.28,514.97,108.52,131.13,0.78
664,4,565.81,514.90,107.60,130.21,0.80
665,4,565.34,515.55,108.57,132.54,0.79
666,4,565.16,515.80,108.92,135.40,0.82
667,4,565.09,517.87,109.05,135.83,0.83
668,4,561.76,519.98,109.75,120.19,0.77
669,4,561.16,522.18,110.66,114.74,0.76
670,4,562.92,519.49,107.72,129.37,0.79
671,4,562.94,516.02,105.24,134.96,0.79
672,4,562.28,514.62,105.65,137.20,0.76
673,4,563.37,515.38,105.81,139.35,0.78
674,4,563.12,517.64,106.54,140.79,0.76
675,4,562.37,518.52,108.14,137.40,0.78
676,4,561.43,518.20,107.43,136.03,0.80
677,4,561.07,518.08,107.16,136.16,0.81
678,4,560.29,518.03,105.73,135.53,0.81
679,4,560.00,518.67,105.19,134.62,0.81
680,4,559.24,518.25,105.00,135.59,0.81
681,4,558.97,518.09,104.93,135.29,0.79
682,4,558.88,517.37,104.91,136.48,0.78
683,4,558.19,517.76,104.25,135.61,0.77
684,4,557.28,517.91,104.67,133.94,0.78
685,4,556.96,517.97,104.84,134.63,0.77
686,4,557.51,517.99,103.58,133.57,0.77
687,4,557.07,518.00,104.44,135.16,0.78
688,4,557.58,518.00,103.45,130.48,0.74
689,4,557.12,518.00,104.41,128.68,0.76
690,4,555.64,517.33,104.11,126.70,0.77
691,4,555.09,517.09,104.00,125.32,0.77
692,4,554.89,517.00,103.96,124.84,0.78
693,4,554.84,517.63,103.95,124.02,0.79
694,4,555.49,517.88,103.29,123.75,0.79
695,4,555.75,517.97,103.05,123.67,0.78
696,4,555.86,517.33,102.96,124.34,0.79
697,4,555.90,517.76,102.93,123.29,0.78
698,4,555.92,517.92,102.93,122.91,0.79
699,4,555.94,517.98,102.93,123.45,0.79
700,4,557.27,518.00,102.94,123.01,0.81
701,4,557.77,518.01,102.95,122.86,0.81
702,4,557.96,518.01,102.95,122.82,0.81
703,4,558.03,518.01,102.96,122.82,0.80
704,4,558.05,518.01,102.96,123.50,0.81
705,4,558.05,518.67,102.97,123.10,0.81
706,4,558.05,519.58,102.97,123.62,0.81
707,4,558.04,518.60,102.97,124.48,0.81
708,4,560.02,518.22,102.32,124.81,0.82
709,4,562.09,518.08,102.73,124.94,0.81
710,4,564.18,516.70,103.55,126.31,0.80
711,4,566.26,515.53,103.86,128.79,0.81
712,4,565.71,515.09,104.64,129.73,0.80
713,4,564.15,515.59,104.27,129.41,0.82
714,4,562.22,517.11,103.46,129.27,0.82
715,4,560.81,517.69,103.82,129.87,0.82
716,4,559.61,517.25,104.61,131.39,0.81
717,4,557.85,517.74,105.57,133.93,0.80
718,4,555.87,516.62,105.27,133.57,0.78
719,4,553.81,516.84,106.46,131.42,0.77
720,4,551.74,515.61,106.91,131.25,0.75
721,4,549.66,515.15,107.07,130.51,0.71
722,4,548.24,514.32,108.43,132.21,0.72
723,4,546.43,513.36,110.91,137.44,0.71
724,4,545.12,513.65,110.53,138.10,0.73
725,4,543.35,512.47,108.38,137.67,0.75
726,4,542.06,511.38,108.87,142.07,0.75
727,4,540.95,510.33,111.02,150.20,0.74
728,4,540.58,510.57,111.82,154.56,0.73
729,4,539.82,510.05,113.42,158.79,0.73
730,4,539.57,510.50,113.36,158.44,0.75
731,4,538.21,511.35,113.31,156.91,0.75
732,4,538.38,512.34,111.96,151.01,0.75
733,4,538.49,512.07,112.08,153.97,0.76
734,4,539.88,511.32,112.12,156.35,0.77
735,4,541.75,511.69,109.49,151.34,0.75
736,4,543.16,511.18,107.14,147.33,0.76
737,4,545.03,511.67,106.27,147.15,0.76
738,4,546.39,511.85,105.29,143.10,0.73
739,4,546.22,512.60,106.28,140.89,0.70
740,4,547.48,512.20,106.66,141.43,0.69
741,4,547.94,511.39,107.48,146.31,0.69
742,4,548.76,511.09,107.13,145.51,0.70
743,4,549.72,510.98,107.66,145.19,0.71
744,4,550.06,510.95,108.53,149.04,0.69
745,4,550.18,510.94,108.20,145.89,0.70
746,4,548.88,510.94,108.73,143.33,0.71
747,4,548.38,510.95,108.93,143.03,0.71
748,4,548.84,510.95,107.69,142.27,0.72
749,4,549.01,510.29,107.21,141.32,0.70
750,4,550.39,510.71,107.03,138.99,0.70
751,4,551.56,510.88,105.65,138.13,0.76
752,4,552.66,510.28,103.80,137.83,0.78
753,4,553.72,510.05,104.46,137.75,0.77
754,4,554.09,509.31,104.71,137.74,0.75
755,4,554.21,509.70,104.82,137.75,0.76
756,4,554.90,509.86,104.87,137.78,0.77
757,4,555.14,509.26,104.90,137.80,0.76
758,4,555.21,509.03,104.25,137.82,0.77
759,4,555.22,510.28,104.68,136.52,0.75
760,4,555.87,510.09,103.52,135.38,0.76
761,4,557.42,510.69,102.43,135.63,0.75
762,4,557.99,510.25,102.69,133.75,0.76
763,4,558.18,510.08,102.80,133.06,0.75
764,4,558.23,510.02,102.19,132.83,0.77
765,4,558.23,509.99,101.97,132.76,0.77
766,4,557.55,510.65,101.24,130.77,0.79
767,4,558.61,510.23,100.31,128.03,0.79
768,4,558.33,511.41,99.31,124.37,0.79
769,4,558.87,510.50,99.62,126.42,0.81
770,4,558.40,510.17,99.08,127.19,0.82
771,4,558.88,510.71,99.56,127.51,0.78
772,4,559.05,510.91,99.75,129.65,0.77
773,4,559.10,511.65,100.50,133.09,0.77
774,4,559.11,511.92,100.79,135.06,0.77
775,4,558.45,512.02,101.56,132.53,0.77
776,4,556.87,512.05,101.85,130.21,0.73
777,4,556.27,512.06,101.97,130.01,0.77
778,4,556.05,512.06,102.01,129.28,0.78
779,4,556.63,512.72,100.70,127.02,0.80
780,4,556.19,512.96,100.87,126.18,0.79
781,4,554.71,513.04,101.59,125.89,0.80
782,4,554.15,513.07,101.87,126.46,0.78
783,4,553.95,513.07,101.97,126.69,0.80
784,4,554.55,512.41,102.67,127.46,0.80
785,4,554.78,512.81,103.59,127.75,0.79
786,4,555.54,513.62,102.62,127.87,0.79
787,4,555.83,513.93,102.24,129.24,0.79
788,4,555.94,513.38,102.75,133.05,0.78
789,4,555.98,514.47,102.95,133.83,0.79
790,4,556.00,514.89,103.01,134.77,0.79
791,4,556.00,515.69,103.04,134.45,0.79
792,4,557.32,515.99,103.04,136.29,0.80
793,4,558.48,516.75,104.36,137.62,0.81
794,4,558.91,517.03,104.85,138.76,0.81
795,4,559.07,516.47,105.69,139.82,0.82
796,4,559.11,516.24,106.00,140.20,0.81
797,4,559.78,516.15,105.45,140.32,0.80
798,4,559.36,516.11,105.89,140.99,0.80
799,4,559.20,516.08,106.04,140.57,0.80
800,4,558.47,515.41,107.41,142.36,0.80
801,4,558.84,516.47,106.61,140.39,0.79
802,4,558.98,516.21,106.28,138.28,0.80
803,4,559.03,515.44,105.49,137.47,0.80
804,4,559.05,514.49,105.19,137.17,0.80
805,4,559.05,514.13,105.07,137.05,0.78
806,4,557.06,514.00,106.35,137.67,0.77
807,4,556.31,513.96,106.83,137.90,0.76
808,4,554.72,512.62,106.35,136.01,0.77
809,4,554.78,511.46,104.83,133.29,0.76
810,4,555.48,509.03,102.93,135.62,0.75
811,4,555.09,506.17,104.22,137.15,0.73
812,4,552.98,504.45,104.70,137.07,0.76
813,4,550.20,504.49,106.21,136.38,0.78
814,4,547.86,504.55,108.75,137.44,0.80
815,4,545.69,505.25,112.32,143.77,0.79
816,4,542.94,504.24,114.32,144.84,0.79
817,4,541.26,503.21,113.11,142.61,0.79
818,4,540.01,500.86,113.27,148.32,0.77
819,4,536.95,500.01,115.93,151.72,0.76
820,4,534.53,499.06,116.26,150.40,0.77
821,4,533.65,500.04,113.74,143.27,0.80
822,4,533.39,500.46,112.07,139.81,0.81
823,4,532.68,499.97,112.76,139.87,0.81
824,4,533.78,499.81,113.67,143.88,0.77
825,4,536.21,497.79,110.05,140.79,0.83
826,4,537.20,496.38,109.32,141.57,0.80
827,4,538.25,495.21,110.38,142.52,0.81
828,4,539.31,495.46,109.46,140.90,0.81
829,4,540.39,494.26,107.78,140.28,0.81
830,4,540.80,493.84,107.16,140.05,0.82
831,4,542.28,493.71,107.60,140.63,0.80
832,4,542.83,493.02,107.12,140.86,0.80
833,4,543.03,493.45,106.95,140.28,0.82
834,4,541.77,493.64,107.56,139.40,0.82
835,4,541.29,493.73,107.13,139.08,0.84
836,4,541.10,493.78,106.98,138.96,0.83
837,4,540.37,494.47,108.25,138.26,0.83
838,4,540.10,494.75,108.74,138.67,0.84
839,4,540.00,494.86,108.26,138.17,0.84
840,4,539.96,495.57,108.74,139.31,0.83
841,4,539.95,495.18,108.92,139.09,0.85
842,4,541.93,494.37,108.33,139.00,0.85
843,4,543.35,494.07,106.78,138.98,0.86
844,4,545.20,492.64,106.20,137.65,0.86
845,4,547.21,492.77,104.00,135.16,0.86
846,4,548.62,492.84,108.53,136.90,0.84
847,4,549.77,492.87,109.53,134.91,0.80
848,4,549.53,493.56,113.20,132.17,0.83
849,4,548.76,495.16,113.27,128.49,0.84
850,4,548.44,497.10,113.28,125.13,0.86
851,4,548.30,497.81,109.32,121.25,0.85
852,4,547.55,496.70,99.11,108.36,0.80
853,4,546.56,496.26,93.87,100.18,0.85
854,4,546.20,496.81,92.08,94.72,0.85
855,4,548.12,496.99,90.15,90.22,0.87
856,4,552.89,497.05,88.83,92.37,0.78
857,4,558.00,495.70,88.43,100.00,0.81
858,4,561.85,491.27,84.29,102.10,0.72
859,4,565.25,488.24,75.98,101.01,0.78
860,4,567.06,487.78,57.57,82.63,0.66
879,5,185.00,188.00,79.00,74.00,0.73
880,5,177.80,198.40,81.40,74.80,0.76
881,5,171.85,218.06,79.57,71.88,0.51
882,5,168.24,234.96,78.16,70.11,0.73
883,5,168.08,250.86,76.27,66.61,0.67
884,5,165.24,269.31,81.62,69.37,0.54
887,5,172.13,321.83,176.01,116.86,0.67
888,5,174.10,327.08,206.80,138.33,0.55
890,5,186.85,373.40,228.34,117.27,0.80
891,5,199.31,403.06,213.48,93.82,0.72
893,5,219.54,442.14,205.37,87.63,0.65
895,5,237.38,456.62,195.63,89.47,0.52
898,5,269.38,475.78,200.07,84.83,0.57
899,5,287.37,487.46,199.51,78.45,0.53
900,5,312.09,497.26,196.00,77.06,0.72
901,5,344.25,512.58,192.01,73.21,0.57
902,5,379.83,529.22,105.86,67.04,0.68
903,5,419.32,537.20,79.25,64.23,0.59
904,5,452.28,547.80,69.36,61.27,0.60
910,5,570.83,583.74,76.59,55.20,0.62
911,5,581.57,586.87,77.19,54.24,0.67
912,5,588.11,589.97,76.63,53.26,0.64
913,5,591.86,589.46,78.26,54.27,0.67
914,5,594.76,588.42,79.47,53.99,0.69
915,5,597.28,588.43,78.57,53.23,0.67
916,5,597.63,587.55,78.13,52.96,0.60
917,5,595.98,587.06,77.90,52.20,0.61
918,5,594.92,585.38,77.10,51.93,0.55
919,5,594.75,584.65,76.08,51.85,0.65
920,5,594.32,584.28,75.65,51.83,0.68
921,5,593.20,585.39,73.48,51.84,0.63
922,5,594.44,586.40,73.95,51.86,0.58
923,5,595.38,584.71,77.42,52.54,0.66
924,5,598.20,583.37,80.00,53.46,0.69
925,5,602.35,581.51,80.98,53.81,0.72
926,5,610.28,579.44,83.28,54.60,0.58
927,5,617.71,575.36,82.83,57.52,0.72
928,5,629.54,574.46,81.30,60.55,0.75
929,5,641.10,572.19,78.04,61.72,0.83
930,5,653.23,571.30,75.43,62.80,0.79
931,5,662.81,570.96,73.11,63.84,0.68
932,5,670.75,571.49,73.61,64.86,0.77
933,5,674.76,570.42,73.80,64.59,0.76
934,5,675.30,568.06,77.86,67.71,0.68
935,5,676.01,567.17,76.12,65.02,0.80
936,5,675.26,565.53,75.41,63.89,0.79
937,5,674.11,562.96,77.14,63.44,0.80
938,5,676.17,560.04,76.46,62.60,0.77
939,5,677.43,558.31,75.53,61.61,0.80
940,5,677.74,555.71,75.18,58.56,0.81
941,5,678.38,553.44,75.71,55.39,0.76
942,5,680.49,549.26,76.57,55.60,0.80
943,5,683.81,544.47,75.58,54.36,0.73
944,5,686.27,540.74,74.53,53.92,0.79
945,5,687.74,538.12,72.81,52.43,0.74
946,5,688.16,536.58,72.17,50.56,0.71
947,5,688.88,534.09,70.61,51.27,0.77
948,5,689.72,531.92,68.03,50.20,0.64
952,5,694.33,525.54,59.88,49.05,0.72
953,5,696.67,523.09,58.31,49.00,0.78
954,5,702.19,520.94,53.71,47.65,0.72
955,5,706.88,518.89,52.11,49.16,0.72
956,5,709.80,517.54,50.91,47.74,0.72
957,5,712.80,517.81,49.86,45.85,0.70
958,5,720.62,515.31,46.80,44.48,0.67
959,5,733.06,507.03,46.46,46.71,0.63
960,5,744.77,501.48,48.45,45.54,0.72
961,5,757.48,492.11,55.18,49.11,0.80
962,5,771.02,484.89,65.27,47.17,0.77
963,5,784.89,482.91,59.42,52.38,0.70
964,5,798.24,482.17,67.30,54.87,0.62
1024,6,1025.00,285.00,150.00,83.00,0.72
1025,6,1025.80,286.60,143.60,83.00,0.79
1026,6,1030.65,287.68,132.19,79.15,0.72
1027,6,1044.42,284.85,110.63,65.91,0.52
1098,7,920.00,305.00,120.00,98.00,0.81
1099,7,911.20,311.40,88.80,100.40,0.62
1100,7,907.67,330.98,70.45,88.62,0.79
1101,7,905.08,363.90,86.01,73.15,0.61
1102,7,905.07,376.24,75.62,88.30,0.52
1105,7,889.76,368.02,61.98,136.08,0.51
1107,7,823.10,382.71,83.26,125.71,0.69
1108,7,813.94,381.80,85.97,126.13,0.59
1109,7,811.82,377.72,86.18,130.22,0.75
1110,7,813.02,376.06,83.47,131.73,0.80
1111,7,815.51,368.58,78.27,138.24,0.71
1112,7,818.47,364.33,72.08,140.05,0.56
1142,8,747.00,408.00,50.00,118.00,0.77
1144,9,977.00,323.00,40.00,46.00,0.72
1146,10,935.00,314.00,80.00,159.00,0.74
1147,10,916.60,364.40,76.80,133.40,0.69
1147,11,699.00,413.00,43.00,126.00,0.73
1148,10,902.08,404.74,87.11,129.82,0.62
1148,11,690.20,410.60,43.80,127.60,0.72
1211,11,653.01,426.00,83.99,108.00,0.61
1212,11,655.03,427.56,84.29,105.68,0.70
1213,11,657.39,428.01,84.35,102.85,0.60
1217,11,615.04,396.48,127.88,179.87,0.51
1218,11,610.66,397.52,133.54,189.97,0.59
1220,11,654.82,429.57,92.56,120.65,0.56
1222,11,619.35,437.44,122.47,129.63,0.50
1223,11,613.39,436.96,136.26,132.39,0.60
1224,11,608.54,437.38,142.65,132.72,0.57
1225,11,607.31,438.15,148.27,132.11,0.71
1226,11,606.94,441.05,148.51,130.48,0.67
1227,11,606.96,444.10,149.69,128.48,0.64
1228,11,607.08,445.19,150.02,127.02,0.71
1229,11,606.60,444.20,137.78,126.46,0.75
1230,11,607.28,443.12,152.70,124.90,0.74
1231,11,608.73,441.33,133.99,124.97,0.67
1232,11,608.94,438.64,121.50,125.67,0.74
1233,11,609.11,436.29,113.53,127.25,0.76
1234,11,605.79,434.74,128.02,129.16,0.70
1235,11,603.35,433.50,147.02,127.90,0.69
1236,11,601.80,433.04,154.46,126.73,0.65
1237,11,600.61,432.88,156.78,125.62,0.64
1238,11,600.22,430.84,156.90,127.86,0.70
1239,11,596.90,430.76,160.05,130.00,0.73
1240,11,595.03,430.09,161.81,131.46,0.69
1241,11,593.07,430.51,162.38,131.35,0.73
1242,11,593.68,430.69,162.48,131.28,0.74
1243,11,594.63,430.11,161.12,131.90,0.72
1244,11,597.68,429.91,161.14,133.43,0.69
1245,11,602.16,431.81,158.46,133.34,0.74
1246,11,603.92,432.55,156.68,133.94,0.72
1247,11,605.26,433.49,157.28,136.13,0.69
1248,11,606.42,435.81,154.83,141.51,0.65
1251,11,603.71,443.01,147.46,100.25,0.52
1252,11,603.25,449.55,153.88,150.69,0.55
1253,11,605.08,457.15,153.96,161.02,0.51
1254,11,609.74,462.40,149.36,167.44,0.69
1255,11,605.47,465.08,153.64,171.81,0.74
1256,11,605.22,466.05,156.51,175.96,0.75
1257,11,605.12,465.70,158.27,175.55,0.80
1258,11,607.70,465.46,156.30,175.22,0.77
1259,11,611.99,467.87,150.23,178.20,0.74
1260,11,616.28,471.31,142.55,177.95,0.58
1261,11,619.86,478.42,132.95,173.82,0.50
1265,12,587.00,475.00,55.00,80.00,0.75
1266,12,585.40,475.00,54.20,80.00,0.60
1266,11,631.29,507.90,86.65,163.28,0.54
1268,12,576.01,473.20,53.12,82.70,0.57
1268,11,629.31,518.63,78.53,159.62,0.59
1272,12,506.06,470.12,106.10,73.62,0.63
1273,12,480.72,476.68,119.84,67.49,0.72
1277,12,325.73,475.08,187.39,98.12,0.60
1278,12,286.48,468.85,199.12,100.99,0.75
1279,12,253.42,454.79,209.04,101.32,0.78
1284,12,281.09,436.75,205.04,109.51,0.74
1286,12,372.35,427.83,181.31,99.83,0.77
1287,12,417.23,409.33,176.99,90.63,0.88
1288,12,453.19,380.99,173.57,77.87,0.71
1289,12,480.17,343.95,171.07,72.07,0.77
1309,13,494.00,297.00,185.00,108.00,0.77
1310,13,467.60,354.60,194.60,96.00,0.86
1311,13,426.96,394.90,202.48,97.60,0.87
1312,13,368.10,422.04,220.37,96.51,0.70
1313,13,308.04,429.78,230.48,97.65,0.74
1314,13,260.23,425.45,229.57,95.10,0.78
1315,13,211.16,410.69,230.70,94.21,0.85
1316,13,175.37,384.78,229.46,95.32,0.88
1317,13,77.82,352.80,302.14,109.44,0.66
1318,13,106.03,312.04,259.66,119.56,0.64
1319,13,131.43,267.79,229.72,129.28,0.73
1320,13,167.24,226.95,199.63,133.10,0.64
1360,14,612.00,478.00,82.00,112.00,0.77
1361,14,608.00,474.80,83.60,123.20,0.60
1362,14,607.23,474.95,135.99,143.97,0.56
1363,14,611.03,475.00,114.04,134.04,0.78
1364,14,616.27,466.07,93.45,136.95,0.83
1365,14,620.29,454.72,86.59,145.58,0.81
1366,14,622.16,443.36,86.62,155.97,0.74
1367,14,625.52,430.68,83.06,163.05,0.68
1368,14,625.87,417.48,83.11,166.90,0.82
1369,14,624.53,406.07,84.50,172.07,0.72
1370,14,622.61,396.09,85.66,172.60,0.63
1371,14,619.83,387.95,86.75,177.13,0.63
1375,14,662.21,437.67,87.04,145.04,0.69
1382,14,687.48,435.93,92.69,127.62,0.51
1473,15,678.00,364.00,75.00,143.00,0.78
1474,15,674.00,364.00,75.80,143.00,0.79
1475,15,671.70,364.00,71.34,142.23,0.76
1476,15,666.12,364.78,73.06,135.73,0.69
1477,15,664.56,366.56,70.64,119.91,0.63
1479,16,900.00,298.00,148.00,82.00,0.78
1479,15,655.60,361.45,69.93,117.39,0.58
1480,16,896.00,316.40,137.60,80.40,0.52
1480,15,650.53,359.43,70.00,122.38,0.53
1482,16,951.54,286.23,100.63,124.30,0.68
1483,16,937.91,283.09,105.37,130.24,0.82
1483,15,634.60,352.85,73.49,119.68,0.75
1484,16,910.63,286.88,115.43,178.56,0.81
1484,15,631.40,351.63,73.30,119.02,0.68
1485,16,891.08,308.09,112.58,181.17,0.75
1485,15,627.69,351.24,74.56,118.81,0.75
1486,16,868.41,337.85,110.93,185.27,0.75
1487,16,848.28,371.07,118.83,180.67,0.72
1488,16,823.44,382.49,138.26,208.97,0.65
1489,16,806.05,388.10,154.91,226.65,0.69
1490,16,797.51,391.03,162.28,247.04,0.66
1491,16,788.33,392.18,171.45,263.07,0.57
1497,16,757.75,484.58,130.13,134.18,0.56
1499,16,735.77,481.38,126.11,112.18,0.60
1500,16,718.20,467.15,132.26,124.44,0.71
1501,16,699.67,509.55,85.28,78.09,0.61
1503,16,674.65,472.05,106.18,118.23,0.62
1504,16,662.48,470.16,106.57,139.59,0.54
