108,1,649.00,648.00,61.00,69.00,0.83
109,1,645.00,640.00,64.20,75.40,0.82
110,1,643.48,628.02,66.32,88.58,0.87
111,1,643.71,615.21,63.27,99.72,0.78
112,1,643.09,603.09,65.22,109.79,0.73
113,1,642.19,591.48,65.12,112.10,0.77
114,1,639.79,578.77,65.08,116.44,0.87
115,1,634.12,568.99,67.13,118.51,0.88
116,1,627.41,559.71,69.88,119.68,0.86
117,1,620.99,553.88,70.89,121.17,0.85
118,1,612.69,550.04,76.54,120.89,0.88
119,1,603.86,548.29,79.27,121.86,0.85
120,1,593.40,547.93,82.88,122.07,0.89
121,1,579.85,551.37,88.08,122.64,0.87
122,1,567.70,556.22,93.24,121.42,0.89
123,1,554.18,562.30,97.76,120.80,0.90
124,1,542.66,570.06,100.13,117.83,0.88
125,1,531.29,574.54,101.61,118.56,0.87
126,1,520.02,579.57,103.39,117.47,0.88
127,1,508.17,585.52,104.01,116.97,0.86
128,1,496.07,592.43,105.45,115.41,0.82
129,1,483.27,596.38,107.22,114.10,0.87
130,1,472.14,602.48,107.84,110.92,0.88
131,1,462.96,605.40,108.00,109.69,0.86
132,1,455.20,605.74,107.99,109.90,0.88
133,1,449.30,604.48,107.26,109.31,0.88
133,2,307.00,478.00,70.00,105.00,0.72
134,1,443.46,601.94,106.26,109.09,0.85
134,2,307.00,478.00,70.00,105.00,0.73
135,1,438.94,599.61,103.86,108.35,0.71
135,2,307.00,478.00,70.00,105.00,0.72
136,2,306.22,478.00,70.78,105.00,0.69
137,2,306.72,478.00,69.53,105.00,0.73
137,1,428.51,592.28,104.92,113.53,0.70
138,2,306.91,478.00,69.10,105.00,0.68
138,1,425.86,589.94,104.31,114.70,0.59
139,2,305.55,477.29,68.96,104.29,0.60
139,1,422.40,589.09,105.42,115.78,0.64
140,1,421.31,589.44,105.83,114.85,0.59
141,1,423.77,588.95,104.01,116.45,0.71
142,1,425.63,589.44,105.30,118.34,0.65
143,1,427.77,589.64,105.78,119.69,0.83
144,1,429.40,590.39,105.96,119.53,0.80
145,1,432.12,590.69,105.37,119.43,0.74
145,2,305.87,476.95,70.89,116.35,0.73
146,1,435.25,590.82,103.82,119.37,0.75
146,2,305.23,477.61,69.66,92.52,0.66
147,1,437.85,589.56,103.23,121.29,0.73
148,1,441.54,586.47,101.02,123.96,0.70
149,1,446.98,584.66,99.53,124.96,0.65
150,1,454.37,581.36,97.66,127.27,0.78
151,1,461.80,579.48,95.65,128.12,0.81
152,1,467.87,578.14,94.26,127.75,0.75
153,1,474.06,577.01,91.77,128.22,0.68
154,1,478.95,577.28,89.54,127.06,0.73
155,1,483.33,576.77,86.74,127.24,0.84
156,1,488.87,577.27,81.70,126.63,0.82
157,1,491.41,576.83,78.56,124.39,0.78
158,1,494.23,577.36,76.15,120.21,0.68
178,1,535.03,574.90,39.24,87.26,0.54
179,1,531.86,574.95,45.64,93.70,0.67
180,1,528.93,574.27,52.56,102.48,0.56
181,1,526.48,573.37,57.14,107.05,0.57
182,1,524.16,573.02,60.89,111.44,0.63
183,1,522.60,573.55,63.61,113.74,0.74
184,1,521.35,573.77,66.53,115.86,0.77
185,1,521.52,574.51,69.54,118.57,0.81
186,1,524.79,572.86,70.02,122.14,0.81
187,1,527.43,570.28,71.40,124.10,0.71
188,1,529.10,567.99,73.79,123.49,0.84
189,1,532.95,565.16,74.67,123.16,0.84
189,3,488.00,329.00,163.00,174.00,0.88
190,1,537.69,562.79,75.58,124.93,0.80
190,3,476.80,330.60,157.40,206.00,0.89
191,3,468.38,338.18,153.97,305.10,0.90
192,3,456.17,371.36,167.10,311.63,0.90
193,3,440.28,417.26,144.39,239.67,0.78
193,1,558.75,556.02,67.89,126.09,0.66
194,3,419.33,461.28,149.38,199.28,0.82
194,1,558.45,553.06,72.73,126.02,0.78
195,3,399.78,493.17,156.49,179.65,0.81
195,1,559.83,550.72,75.44,123.34,0.87
196,3,394.04,524.76,154.25,161.87,0.84
196,1,562.86,546.55,77.14,125.00,0.88
197,3,391.40,552.58,156.13,146.78,0.87
197,1,565.88,541.75,77.79,125.62,0.89
198,3,395.64,576.87,150.73,132.02,0.74
198,1,570.20,537.35,77.37,125.20,0.86
199,1,574.38,534.43,77.86,121.74,0.87
200,1,577.82,529.42,78.04,122.44,0.89
201,1,579.67,524.99,77.44,124.03,0.88
201,3,426.72,606.10,112.94,105.68,0.64
202,1,579.59,523.42,77.86,124.63,0.88
202,3,437.32,609.54,104.23,105.25,0.58
203,1,579.46,522.26,78.02,125.53,0.88
203,3,441.39,618.48,98.30,100.16,0.66
204,1,578.65,524.56,79.38,124.55,0.89
205,1,580.23,528.84,79.24,122.85,0.89
206,1,584.05,537.17,76.54,124.21,0.86
207,1,586.07,545.57,74.16,123.40,0.74
208,1,588.75,555.39,71.94,122.43,0.83
209,1,590.32,566.35,70.46,121.41,0.87
209,2,305.00,475.98,70.00,104.99,0.61
210,1,589.46,577.69,69.26,119.70,0.85
211,1,589.05,590.49,68.18,117.75,0.86
211,2,305.01,476.08,70.00,105.85,0.64
212,1,586.14,603.12,66.46,111.69,0.88
212,2,305.71,477.47,70.70,105.98,0.59
213,1,580.27,617.10,68.57,100.62,0.82
214,1,576.16,632.35,66.04,86.15,0.78
214,2,306.81,478.06,69.36,105.22,0.52
215,1,569.84,645.87,65.77,72.57,0.78
220,2,306.12,477.20,71.84,107.82,0.54
222,2,313.96,481.85,64.11,105.64,0.62
223,2,317.80,486.94,57.41,113.32,0.61
224,2,319.02,497.07,52.44,114.62,0.64
225,2,320.08,506.22,49.42,114.46,0.78
226,2,320.38,510.97,47.79,113.71,0.76
227,2,320.44,513.33,47.32,113.40,0.75
228,2,320.42,512.79,47.93,113.27,0.75
229,2,320.38,507.87,47.52,117.82,0.71
230,2,320.33,507.92,47.43,118.21,0.64
230,4,930.00,207.00,150.00,217.00,0.74
231,2,320.29,506.55,47.45,118.98,0.59
231,4,949.20,232.60,141.20,232.20,0.81
232,2,320.25,501.39,47.50,125.14,0.59
232,4,967.11,283.41,118.26,235.82,0.87
233,2,320.22,509.08,47.56,117.79,0.63
233,4,969.13,347.25,89.97,234.05,0.89
234,2,320.19,512.13,48.28,114.74,0.50
234,4,922.97,412.65,104.53,215.46,0.92
235,4,867.83,474.69,116.28,187.53,0.89
236,4,803.23,525.71,121.56,157.02,0.89
237,4,737.41,568.17,118.86,118.36,0.91
238,4,676.31,599.46,111.59,80.37,0.87
239,4,623.73,609.94,104.01,62.98,0.85
240,4,573.20,604.88,102.08,77.14,0.86
241,4,534.59,608.34,99.40,88.31,0.88
242,4,510.51,626.86,95.77,80.24,0.85
243,4,495.81,656.31,93.19,59.45,0.76
245,2,320.02,513.42,48.97,115.00,0.55
247,2,319.21,513.28,51.38,114.21,0.62
248,2,319.72,515.92,53.19,114.04,0.74
249,2,323.14,521.50,53.85,112.65,0.68
250,2,330.98,529.55,51.49,109.47,0.68
251,2,341.36,539.91,47.87,109.64,0.76
252,2,349.94,552.28,47.88,109.05,0.61
253,2,360.27,565.45,45.88,108.18,0.67
