131,1,419.00,275.00,91.00,108.00,0.71
132,1,409.40,303.80,103.00,112.00,0.85
133,1,402.45,323.76,111.14,133.33,0.84
134,1,385.21,361.02,125.15,138.80,0.80
135,1,359.99,422.97,158.79,115.25,0.86
136,1,344.85,490.32,172.79,78.47,0.80
137,1,350.88,522.29,159.86,93.52,0.81
138,1,360.09,533.70,139.57,112.35,0.84
139,1,370.67,531.59,118.48,130.38,0.87
140,1,372.92,526.42,107.56,140.85,0.88
141,1,373.18,520.39,95.28,149.41,0.87
142,1,372.11,517.72,85.94,155.83,0.86
143,1,373.42,517.20,83.70,158.84,0.86
144,1,373.92,518.86,83.08,158.54,0.87
145,1,376.28,518.24,79.49,160.10,0.87
146,1,380.02,517.53,75.55,161.18,0.87
147,1,383.48,518.08,73.61,169.80,0.84
148,1,387.46,519.33,70.27,171.12,0.83
149,1,388.84,520.64,69.24,162.42,0.83
150,1,389.96,522.58,68.29,156.70,0.84
151,1,390.32,524.95,68.75,151.77,0.84
152,1,391.09,526.17,67.63,149.16,0.85
153,1,391.33,529.67,66.63,152.78,0.83
154,1,386.62,534.72,65.66,151.47,0.86
155,1,380.81,542.32,66.06,148.24,0.85
156,1,372.67,550.92,65.58,141.64,0.87
157,1,361.62,559.89,68.15,132.37,0.88
158,1,351.71,562.84,67.79,128.28,0.86
159,1,344.73,560.90,68.35,126.88,0.87
160,1,339.60,559.30,69.91,124.41,0.88
161,1,331.90,557.12,72.48,122.22,0.86
162,1,325.20,552.08,68.25,121.49,0.88
163,1,317.47,545.40,61.20,121.97,0.87
164,1,307.27,539.52,59.31,122.87,0.87
165,1,300.51,533.96,55.28,123.26,0.87
166,1,292.82,531.21,54.59,122.78,0.84
167,1,286.92,528.20,53.03,123.97,0.85
168,1,280.27,527.10,53.22,124.44,0.82
169,1,274.72,527.38,53.34,122.65,0.85
170,1,270.91,527.53,54.10,123.33,0.86
171,1,269.06,528.93,54.42,123.61,0.87
172,1,267.92,529.49,54.57,123.73,0.86
173,1,268.37,529.71,54.66,123.79,0.87
174,1,269.38,530.47,54.71,122.50,0.86
175,1,271.24,530.77,54.08,122.69,0.86
176,1,270.76,530.88,54.54,122.78,0.86
177,1,270.67,530.93,54.72,122.82,0.86
178,1,268.75,530.95,55.46,122.85,0.86
179,1,267.46,530.96,55.09,123.53,0.84
180,1,266.40,530.97,54.96,123.80,0.84
181,1,264.76,530.97,55.58,123.90,0.84
182,1,264.22,530.98,55.82,123.95,0.85
183,1,264.09,531.64,55.91,123.96,0.85
184,1,264.11,531.89,56.61,123.97,0.84
185,1,263.52,530.66,56.22,124.64,0.85
186,1,262.04,530.20,56.73,124.89,0.83
187,1,261.53,530.03,57.58,124.98,0.84
188,1,261.38,529.97,57.90,125.68,0.84
189,1,262.03,529.95,56.70,125.94,0.84
190,1,263.00,531.26,56.24,126.03,0.85
191,1,263.40,531.77,56.06,126.06,0.84
192,1,264.24,532.61,56.00,125.40,0.84
193,1,265.90,532.93,55.32,125.15,0.85
194,1,266.55,533.04,55.06,125.06,0.85
195,1,266.80,533.08,54.97,125.02,0.85
196,1,266.90,533.08,54.94,125.00,0.84
197,1,266.94,533.08,54.94,125.00,0.85
198,1,266.96,533.07,54.94,125.00,0.85
199,1,266.97,533.06,54.95,125.00,0.85
200,1,267.63,533.06,55.61,125.00,0.85
201,1,266.57,533.05,56.53,125.66,0.85
202,1,265.51,533.04,58.18,125.91,0.85
203,1,265.76,533.04,57.50,126.00,0.85
204,1,265.21,533.03,56.57,126.03,0.85
205,1,264.34,533.03,56.21,126.04,0.85
206,1,264.69,533.03,55.41,126.04,0.85
207,1,264.17,533.02,55.78,126.04,0.85
208,1,263.98,533.02,55.91,126.03,0.85
209,1,263.25,533.02,55.31,126.03,0.84
210,1,262.99,533.02,55.08,126.03,0.84
211,1,262.90,533.01,54.99,126.02,0.84
212,1,263.54,533.01,54.30,125.36,0.84
213,1,262.46,533.01,54.71,125.77,0.84
214,1,262.07,533.01,54.87,125.92,0.83
215,1,261.93,533.01,54.93,125.98,0.83
216,1,261.89,532.35,54.96,124.68,0.83
217,1,261.88,532.10,54.97,124.19,0.83
218,1,261.23,532.01,54.32,124.01,0.83
219,1,261.65,531.97,54.73,123.95,0.84
220,1,263.14,531.97,55.55,123.93,0.86
221,1,263.71,531.96,55.86,125.25,0.86
222,1,264.58,530.65,55.98,126.41,0.86
223,1,266.23,530.81,55.36,127.51,0.87
224,1,267.51,530.88,55.79,127.92,0.87
225,1,269.29,531.57,56.60,128.06,0.87
226,1,271.26,532.50,57.57,129.43,0.87
227,1,273.30,534.16,57.93,128.62,0.86
228,1,276.68,536.11,58.06,126.32,0.86
229,1,279.24,538.17,58.75,126.10,0.86
230,1,282.80,540.91,58.36,126.68,0.87
231,1,286.08,543.89,59.51,126.24,0.86
232,1,289.23,546.97,59.94,126.73,0.84
233,1,291.03,550.07,60.74,125.60,0.78
234,1,292.30,551.85,61.04,126.50,0.84
235,1,294.03,554.45,61.14,126.17,0.86
236,1,295.93,556.03,61.82,125.39,0.86
237,1,297.91,557.89,62.07,124.43,0.87
238,1,298.59,558.52,62.80,125.40,0.87
239,1,300.10,559.36,63.07,125.11,0.87
240,1,301.27,559.62,62.50,125.01,0.86
241,1,301.64,559.66,62.27,124.97,0.86
242,1,300.41,559.63,62.17,124.96,0.86
243,1,299.89,559.57,61.46,124.96,0.86
244,1,299.64,559.51,61.19,124.96,0.86
245,1,299.51,559.45,61.08,124.97,0.86
246,1,299.43,559.40,61.04,124.97,0.86
247,1,298.71,559.35,62.35,124.97,0.86
248,1,299.08,559.31,62.18,124.98,0.86
249,1,299.19,559.93,62.11,124.32,0.86
250,1,299.22,560.15,62.07,123.41,0.86
251,1,299.21,559.55,61.40,123.74,0.86
252,1,298.53,559.31,62.46,123.86,0.86
253,1,298.92,559.20,62.20,123.92,0.86
254,1,299.06,559.81,62.10,123.28,0.86
255,1,299.77,560.70,62.72,123.04,0.86
256,1,298.71,562.34,63.60,122.30,0.86
257,1,299.61,563.61,63.28,121.36,0.86
258,1,298.63,564.06,63.81,121.02,0.86
259,1,299.56,564.21,63.34,120.90,0.86
260,1,299.92,564.25,63.16,120.87,0.86
261,1,300.70,564.24,62.42,120.87,0.86
262,1,300.33,564.22,62.81,120.88,0.86
263,1,300.18,564.20,62.95,120.89,0.86
264,1,300.12,564.18,63.00,120.90,0.87
265,1,300.09,564.16,63.68,120.91,0.87
266,1,300.07,564.14,63.93,121.59,0.87
267,1,300.72,564.12,63.36,121.84,0.87
268,1,300.96,564.11,63.14,121.94,0.87
269,1,300.38,564.09,63.72,121.98,0.87
270,1,300.16,564.08,63.93,121.99,0.87
271,1,300.07,564.07,63.35,121.34,0.87
272,1,299.38,564.06,62.47,121.09,0.87
273,1,299.11,564.06,62.13,121.00,0.87
274,1,298.35,564.05,63.34,121.63,0.87
275,1,299.39,564.04,63.13,121.87,0.87
276,1,299.79,564.04,63.71,121.30,0.87
277,1,299.94,564.03,63.93,121.09,0.88
278,1,299.99,564.03,64.01,121.01,0.88
279,1,300.01,564.03,64.03,121.64,0.87
280,1,300.02,564.68,64.04,121.22,0.87
281,1,300.68,564.93,62.72,121.06,0.87
282,1,300.93,565.02,62.22,121.00,0.87
283,1,300.35,565.05,62.70,120.98,0.87
284,1,300.13,565.05,62.88,120.98,0.87
285,1,300.05,566.37,63.61,120.98,0.87
286,1,300.02,566.87,63.89,120.98,0.87
287,1,300.01,567.04,63.99,120.98,0.87
288,1,300.00,567.10,64.02,121.64,0.87
289,1,300.66,567.11,63.38,121.24,0.87
290,1,300.91,567.11,63.13,121.08,0.87
291,1,302.32,567.10,62.37,121.02,0.87
292,1,302.85,567.75,62.09,121.00,0.87
293,1,303.04,567.99,62.65,120.99,0.87
294,1,302.44,568.73,64.18,120.99,0.87
295,1,303.52,569.00,62.80,119.67,0.87
296,1,304.59,569.09,62.92,119.17,0.87
297,1,304.98,569.12,62.97,118.99,0.87
298,1,305.11,569.12,62.98,118.93,0.87
299,1,305.15,569.11,62.99,118.91,0.87
300,1,305.15,570.42,62.99,118.92,0.86
301,1,305.14,570.91,63.00,118.92,0.86
302,1,305.13,571.74,63.66,118.93,0.86
303,1,305.11,572.04,63.91,118.28,0.86
304,1,305.10,572.80,64.00,117.37,0.86
305,1,305.09,573.07,64.03,117.70,0.86
306,1,305.08,573.16,63.38,117.84,0.86
307,1,303.74,573.18,63.79,117.89,0.86
308,1,303.24,572.51,63.29,118.58,0.86
309,1,303.05,572.25,63.09,118.84,0.87
310,1,302.99,572.14,63.02,118.95,0.87
311,1,302.96,572.09,62.99,118.98,0.87
312,1,302.96,572.07,62.99,119.00,0.87
313,1,302.96,571.40,62.32,119.66,0.87
314,1,301.64,570.48,62.07,121.23,0.87
315,1,301.14,570.14,61.98,121.16,0.87
316,1,300.30,569.35,63.28,121.13,0.87
317,1,300.00,567.74,63.77,121.77,0.87
318,1,299.89,567.13,63.95,122.00,0.87
319,1,300.52,566.92,63.36,122.08,0.87
320,1,302.76,566.85,61.81,121.44,0.87
321,1,304.28,566.84,62.55,121.19,0.86
322,1,304.84,567.51,64.15,120.43,0.86
323,1,306.35,567.77,64.10,120.14,0.86
324,1,306.92,569.86,64.73,119.37,0.87
325,1,307.12,571.32,64.97,117.76,0.87
326,1,305.86,571.19,65.05,118.49,0.87
327,1,306.69,571.14,64.42,118.77,0.87
328,1,306.99,569.79,65.49,118.88,0.87
329,1,310.38,570.60,65.24,117.60,0.87
330,1,314.30,571.56,66.45,118.46,0.87
331,1,319.68,573.90,68.86,117.46,0.87
332,1,326.23,576.11,70.42,116.42,0.87
333,1,332.61,578.91,73.60,115.38,0.86
334,1,337.58,582.59,76.09,113.67,0.88
334,2,386.00,273.00,217.00,235.00,0.75
335,1,343.30,585.27,78.32,110.38,0.85
335,2,378.00,274.60,257.80,287.80,0.67
336,1,348.01,587.55,80.45,109.17,0.86
336,2,374.36,274.17,323.45,367.18,0.61
337,1,352.97,589.68,81.24,106.08,0.86
337,2,384.28,289.76,343.55,389.25,0.88
338,1,358.67,593.78,80.85,104.30,0.84
338,2,404.39,344.66,348.50,359.42,0.89
339,1,364.01,598.58,80.01,101.68,0.82
339,2,424.34,409.99,320.90,301.99,0.92
340,1,369.20,604.32,76.37,100.76,0.78
340,2,441.33,474.09,298.67,244.26,0.90
341,1,373.01,611.71,70.92,97.79,0.79
341,2,455.29,527.64,270.56,192.73,0.89
342,1,374.90,619.05,66.82,93.37,0.82
342,2,469.54,571.34,238.87,148.48,0.89
343,1,376.79,627.74,62.62,87.72,0.73
343,2,480.22,605.06,212.75,113.93,0.81
344,2,491.10,630.96,190.63,86.00,0.82
