390,1,388.00,322.00,103.00,110.00,0.86
391,1,373.60,321.20,111.00,131.60,0.87
392,1,346.82,321.05,130.56,160.21,0.89
393,1,319.53,339.29,148.20,178.09,0.85
394,1,293.41,370.96,156.60,175.21,0.84
395,1,271.41,404.61,159.17,161.13,0.89
396,1,253.23,432.58,156.22,140.30,0.79
397,1,239.27,450.75,147.84,123.02,0.86
398,1,229.01,462.97,149.61,107.00,0.83
399,1,220.47,473.17,154.09,93.06,0.72
400,1,216.51,481.30,132.07,80.76,0.73
401,1,214.58,489.63,133.80,69.10,0.74
402,1,210.62,495.78,118.25,61.61,0.74
403,1,203.22,497.65,120.60,59.21,0.74
404,1,188.69,500.88,126.79,57.27,0.69
405,1,163.85,502.97,150.84,56.96,0.69
406,1,157.03,505.53,136.19,54.20,0.65
407,1,155.57,506.03,133.92,53.54,0.61
408,1,148.71,503.90,156.33,56.28,0.68
409,1,149.11,498.36,161.24,60.66,0.70
410,1,176.69,489.03,138.25,67.57,0.66
411,1,191.36,473.98,154.96,81.06,0.67
412,1,199.75,459.63,162.42,96.04,0.84
413,1,207.79,448.26,172.32,111.88,0.88
414,1,219.91,435.72,183.74,129.92,0.83
415,1,232.97,419.73,178.09,147.61,0.85
416,1,249.44,402.83,182.63,161.01,0.87
417,1,268.50,382.43,177.84,173.23,0.86
418,1,291.65,358.80,177.71,195.89,0.90
419,1,312.70,341.46,165.81,198.38,0.86
420,1,329.98,325.60,154.95,203.49,0.87
421,1,341.44,318.81,147.49,190.97,0.87
422,1,345.22,317.10,144.13,169.27,0.86
423,1,342.88,316.20,146.36,177.39,0.87
424,1,331.79,316.46,156.54,191.19,0.89
425,1,314.60,319.21,166.80,204.04,0.85
426,1,290.45,335.62,183.61,202.11,0.89
427,1,266.55,363.27,193.26,186.19,0.91
428,1,244.20,390.47,197.69,164.86,0.88
429,1,227.05,426.86,194.84,134.65,0.88
430,1,215.27,458.64,188.33,103.39,0.85
431,1,208.34,483.71,179.09,77.40,0.86
432,1,207.34,495.38,159.45,65.22,0.82
433,1,206.02,498.36,147.79,58.80,0.81
434,1,206.48,498.61,132.00,57.64,0.78
435,1,206.28,496.97,132.95,59.04,0.76
436,1,204.90,496.29,124.40,60.37,0.70
437,1,154.87,494.46,172.67,64.53,0.71
438,1,142.33,493.08,181.01,69.41,0.72
439,1,171.52,490.52,147.98,73.25,0.70
440,1,188.47,489.47,126.02,77.38,0.67
441,1,198.17,490.95,99.29,76.39,0.63
442,1,201.89,488.82,91.85,77.34,0.70
443,1,203.01,489.30,86.15,77.05,0.74
444,1,201.99,490.10,81.67,75.62,0.72
445,1,200.26,490.36,81.91,75.76,0.73
446,1,201.13,491.09,79.33,75.16,0.73
447,1,201.50,491.33,78.65,74.95,0.74
448,1,200.27,491.38,79.25,74.88,0.70
449,1,200.54,491.37,78.21,74.20,0.70
450,1,199.99,491.34,79.32,73.96,0.65
451,1,197.79,491.97,82.49,72.55,0.64
452,1,195.68,492.85,84.36,72.04,0.64
453,1,198.21,493.15,81.82,73.86,0.65
454,1,199.91,493.25,81.57,74.55,0.69
455,1,200.54,492.60,81.51,74.16,0.71
456,1,201.45,493.00,80.20,74.67,0.69
457,1,201.80,493.79,79.75,74.21,0.72
458,1,202.60,490.77,80.28,77.35,0.71
459,1,204.22,489.64,79.18,78.51,0.71
460,1,204.83,485.93,79.47,81.56,0.55
461,1,185.11,428.28,102.19,140.90,0.50
462,1,184.25,407.38,104.08,159.68,0.56
463,1,184.04,398.46,105.39,168.06,0.51
464,1,185.94,393.64,102.64,172.64,0.53
465,1,186.78,393.71,101.46,173.69,0.51
466,1,187.14,393.35,100.96,175.14,0.52
467,1,188.63,390.87,96.81,176.78,0.55
468,1,190.59,390.70,94.48,176.61,0.55
469,1,191.35,390.21,93.60,176.96,0.56
470,1,190.98,390.19,93.92,176.91,0.55
471,1,190.86,390.37,94.04,176.71,0.52
472,1,191.49,391.25,94.74,175.81,0.53
473,1,191.74,391.10,93.67,175.95,0.54
474,1,189.19,393.78,98.57,174.57,0.54
475,1,186.96,393.64,101.02,173.90,0.54
476,1,186.11,393.69,101.95,173.53,0.54
477,1,185.81,393.80,102.27,172.64,0.54
478,1,188.33,393.27,97.13,173.53,0.52
479,1,189.35,393.13,95.76,173.80,0.57
480,1,189.73,393.15,94.59,173.83,0.61
481,1,189.87,393.22,94.16,173.78,0.63
482,1,189.93,393.30,94.00,173.71,0.62
483,1,189.96,393.38,93.95,173.63,0.59
484,1,190.63,393.45,92.61,173.56,0.64
485,1,190.89,393.52,92.11,173.49,0.63
486,1,190.98,393.57,91.93,172.78,0.60
487,1,191.02,393.63,91.88,172.47,0.62
488,1,191.03,393.67,91.87,172.34,0.63
489,1,191.03,393.71,91.88,172.93,0.64
490,1,191.03,393.74,91.89,172.47,0.64
491,1,191.02,393.77,91.90,172.28,0.67
492,1,191.02,393.80,91.91,172.20,0.67
493,1,191.02,393.83,91.92,172.15,0.66
494,1,192.34,393.85,91.27,172.13,0.66
495,1,192.84,393.86,91.03,172.77,0.66
496,1,191.69,393.88,91.61,173.01,0.69
497,1,191.25,393.89,91.83,173.08,0.71
498,1,191.09,393.91,91.92,172.45,0.69
499,1,192.35,393.92,91.30,172.86,0.67
500,1,192.82,394.59,90.40,171.69,0.65
501,1,192.99,394.85,90.73,171.24,0.64
502,1,194.38,396.93,89.54,169.74,0.58
503,1,194.89,397.72,89.09,169.18,0.58
504,1,193.74,396.01,88.27,170.31,0.59
505,1,192.64,394.70,89.31,171.40,0.62
506,1,191.56,394.21,91.02,172.47,0.65
507,1,191.81,394.03,90.36,172.21,0.62
508,1,191.25,393.96,91.43,172.11,0.64
509,1,191.04,393.94,91.83,172.07,0.64
510,1,190.31,393.94,93.30,172.05,0.63
511,1,190.69,393.28,92.54,172.70,0.66
512,1,189.53,393.04,92.89,172.94,0.68
513,1,189.76,392.95,93.68,173.03,0.64
514,1,189.19,393.59,93.32,172.40,0.61
515,1,189.65,393.17,92.51,172.81,0.65
516,1,189.83,393.68,92.19,172.31,0.64
517,1,189.24,393.21,91.41,172.77,0.63
518,1,188.36,393.04,92.44,172.95,0.65
519,1,188.69,392.98,91.51,173.01,0.66
520,1,188.17,392.96,92.48,172.37,0.64
521,1,188.64,392.96,91.53,172.13,0.63
522,1,188.83,393.62,91.16,171.37,0.64
523,1,188.90,393.87,91.03,171.09,0.63
524,1,188.27,393.97,92.30,170.99,0.63
525,1,188.04,394.00,92.78,170.96,0.64
526,1,182.69,393.35,100.21,171.61,0.61
527,1,174.31,393.77,109.36,171.86,0.56
528,1,173.56,397.89,109.14,167.99,0.50
529,1,177.87,396.78,105.07,167.86,0.51
533,1,195.35,460.02,90.16,98.75,0.53
535,1,191.33,470.78,101.24,83.99,0.54
536,1,165.10,471.74,150.97,83.68,0.56
537,1,155.29,473.41,165.78,80.76,0.58
538,1,174.82,473.13,122.50,79.80,0.54
539,1,187.59,473.62,98.33,77.44,0.65
540,1,191.92,464.62,93.67,86.44,0.64
541,1,169.28,466.14,118.26,90.15,0.56
542,1,173.90,474.59,109.46,81.14,0.64
543,1,180.45,476.60,116.81,78.13,0.79
544,1,182.84,477.95,119.47,75.06,0.82
545,1,181.28,481.12,125.54,73.30,0.79
546,1,164.13,484.93,143.11,70.67,0.75
547,1,148.25,487.61,161.61,68.40,0.75
548,1,135.64,493.98,170.36,64.22,0.78
549,1,130.45,498.25,179.38,63.50,0.78
550,1,129.10,503.07,183.49,61.93,0.79
551,1,130.60,507.42,184.29,60.07,0.80
552,1,135.81,512.28,181.83,60.17,0.80
553,1,166.36,517.28,152.93,58.23,0.75
554,1,188.78,518.94,131.66,59.64,0.81
555,1,197.32,520.78,123.41,60.17,0.74
556,1,200.80,522.00,119.97,59.08,0.82
557,1,200.52,522.30,120.20,58.04,0.83
558,1,201.67,521.62,119.66,57.03,0.84
559,1,199.27,520.59,119.51,56.69,0.84
560,1,196.27,518.12,120.18,56.61,0.87
561,1,193.10,513.79,121.13,59.28,0.87
562,1,191.88,508.26,121.52,63.55,0.86
563,1,188.74,500.36,132.32,69.04,0.83
564,1,186.30,487.15,135.00,87.64,0.78
565,1,164.55,479.72,153.56,102.47,0.78
566,1,155.79,474.76,153.66,111.24,0.80
567,1,154.83,470.88,152.24,115.51,0.77
568,1,154.58,469.98,150.92,115.92,0.76
569,1,156.55,470.34,156.86,114.69,0.75
570,1,175.98,475.04,139.13,97.48,0.80
571,1,181.40,478.54,137.13,92.89,0.78
572,1,183.29,483.12,136.42,87.93,0.77
573,1,187.96,486.89,131.50,84.70,0.81
574,1,190.37,487.61,129.64,85.55,0.80
575,1,190.53,487.88,130.99,87.19,0.78
576,1,191.22,487.97,131.51,87.14,0.77
577,1,192.76,488.01,131.06,86.45,0.79
578,1,193.30,487.35,130.91,87.51,0.79
579,1,192.79,487.11,130.20,87.90,0.77
580,1,191.90,486.36,131.27,89.36,0.77
581,1,192.85,486.73,131.02,89.25,0.77
582,1,191.20,486.88,132.93,91.17,0.75
583,1,192.54,486.94,131.67,90.57,0.79
584,1,192.36,486.97,130.53,89.66,0.78
585,1,192.28,486.98,130.10,89.97,0.79
586,1,192.89,486.98,129.95,90.07,0.80
587,1,193.77,486.98,130.57,90.10,0.83
588,1,194.08,486.99,132.79,90.10,0.83
589,1,193.53,487.65,132.97,88.78,0.84
590,1,193.96,487.90,133.69,87.60,0.82
591,1,194.11,487.99,135.28,87.16,0.82
592,1,194.81,488.02,134.56,86.34,0.84
593,1,194.40,488.70,134.27,86.04,0.81
594,1,195.55,488.28,132.83,85.93,0.81
595,1,195.32,488.12,133.61,86.57,0.82
596,1,195.87,488.06,132.58,86.81,0.83
597,1,196.74,486.71,132.84,88.89,0.82
598,1,195.72,486.20,133.61,89.67,0.82
599,1,185.44,482.08,147.08,102.44,0.80
600,1,175.93,479.94,157.13,107.75,0.75
601,1,179.13,478.44,153.48,107.34,0.73
602,1,189.04,477.23,142.71,100.62,0.79
603,1,181.54,476.13,148.49,99.87,0.76
604,1,191.88,473.12,130.39,91.01,0.79
605,1,194.09,466.56,117.43,86.85,0.71
606,1,189.95,421.41,113.65,126.88,0.69
607,1,165.80,420.47,137.93,123.04,0.65
608,1,158.93,400.56,141.62,140.94,0.65
611,1,158.14,462.66,141.37,72.70,0.73
612,1,151.85,481.83,141.74,57.67,0.69
613,1,147.73,487.27,140.55,53.45,0.67
614,1,146.95,490.90,132.17,50.98,0.73
615,1,145.46,492.57,130.34,50.52,0.69
616,1,142.32,492.24,133.08,52.01,0.66
619,1,139.07,489.00,126.12,55.20,0.57
620,1,135.51,488.28,127.94,54.68,0.71
621,1,134.99,488.02,127.19,55.12,0.69
622,1,135.56,488.59,123.60,53.94,0.74
623,1,137.90,489.48,120.92,52.79,0.77
624,1,136.15,491.16,121.32,52.34,0.76
625,1,135.56,491.78,119.49,52.84,0.77
626,1,134.73,493.33,119.52,54.34,0.77
627,1,134.47,493.91,118.89,54.89,0.74
628,1,133.76,491.49,118.69,57.06,0.74
629,1,135.54,488.62,117.32,56.58,0.64
630,1,136.92,487.48,119.51,56.36,0.75
631,1,141.41,492.32,120.33,58.89,0.69
632,1,145.77,502.54,121.99,59.18,0.74
633,1,148.07,515.02,127.88,59.27,0.77
634,1,150.22,525.65,133.98,59.93,0.73
635,1,150.38,534.18,138.26,58.86,0.82
636,1,148.49,537.33,145.04,59.74,0.79
637,1,145.81,539.05,149.55,61.37,0.74
638,1,144.10,540.25,154.46,61.33,0.68
639,1,143.42,536.63,159.52,65.87,0.59
640,1,166.82,533.96,137.75,70.11,0.65
641,1,194.32,533.47,107.93,74.30,0.62
642,1,209.27,532.58,92.62,80.36,0.75
643,1,218.78,532.81,85.85,85.85,0.58
644,1,224.42,535.36,84.63,85.51,0.78
645,1,226.03,536.33,91.46,83.34,0.77
646,1,228.53,534.70,96.48,81.75,0.76
647,1,228.59,533.37,99.78,79.78,0.72
648,1,230.38,534.12,100.42,78.97,0.72
649,1,207.04,538.98,125.18,77.97,0.65
650,1,221.99,542.77,112.09,80.20,0.67
651,1,204.70,547.40,130.45,81.67,0.63
652,1,200.08,553.04,135.57,81.55,0.63
653,1,189.26,557.10,147.69,81.46,0.62
654,1,164.47,559.22,173.58,80.09,0.66
655,1,169.73,559.25,168.75,81.52,0.65
656,1,173.55,559.20,164.91,82.04,0.65
657,1,189.96,559.75,146.46,82.21,0.63
658,1,216.14,561.85,118.63,82.26,0.68
659,1,201.66,564.56,131.60,82.25,0.68
660,1,165.55,568.80,167.98,82.23,0.71
661,1,152.03,571.66,183.43,80.89,0.72
662,1,146.28,572.65,189.36,80.37,0.72
663,1,181.85,570.28,152.55,78.84,0.70
664,1,154.95,568.63,178.76,76.92,0.73
665,1,196.73,564.60,134.35,76.21,0.66
666,1,221.32,560.40,107.67,75.29,0.75
667,1,226.99,556.14,99.82,76.30,0.63
668,1,219.99,553.24,104.02,77.35,0.61
669,1,227.28,550.85,95.13,77.75,0.77
670,1,229.90,549.31,91.97,78.57,0.80
671,1,230.69,549.42,91.03,78.87,0.80
672,1,230.87,550.16,90.83,79.65,0.73
673,1,230.85,551.79,92.24,80.59,0.78
674,1,233.49,555.05,90.80,79.63,0.77
675,1,234.38,557.64,92.39,79.92,0.76
676,1,236.66,559.93,92.35,78.04,0.73
677,1,232.76,562.13,97.74,79.32,0.72
678,1,233.27,565.55,99.08,78.48,0.77
679,1,235.39,568.82,100.93,78.81,0.77
680,1,240.74,571.99,100.98,78.94,0.76
681,1,249.99,578.42,99.03,78.99,0.72
682,1,258.08,583.44,100.94,79.01,0.65
683,1,268.22,590.54,102.96,80.33,0.55
684,1,275.25,600.35,107.65,79.52,0.57
685,1,286.21,612.58,112.01,79.20,0.58
689,2,397.00,323.00,75.00,101.00,0.78
690,2,394.60,322.20,83.80,145.00,0.86
691,2,398.61,345.94,88.41,160.69,0.86
692,2,409.01,388.81,90.10,163.99,0.83
693,2,415.40,436.30,92.00,166.18,0.81
693,1,362.20,669.05,57.91,39.86,0.53
694,2,419.48,482.97,91.86,160.52,0.82
695,2,421.37,527.83,91.01,147.07,0.72
696,2,423.18,568.28,89.95,130.69,0.56
