54,1,498.00,591.00,47.00,114.00,0.71
55,1,493.20,595.00,45.40,115.60,0.76
56,1,486.81,601.91,48.21,111.30,0.69
57,1,480.16,608.98,50.64,105.90,0.68
59,1,472.03,621.38,54.61,95.02,0.51
72,1,402.36,625.37,89.52,91.02,0.54
73,1,394.79,628.09,92.50,88.16,0.56
75,1,376.97,631.47,99.41,83.99,0.59
76,1,362.46,630.70,106.35,84.56,0.78
77,1,348.29,636.47,111.42,78.72,0.65
78,1,333.36,637.92,115.94,77.22,0.79
79,1,319.39,637.03,112.00,79.45,0.76
80,1,297.19,641.34,117.51,74.95,0.69
81,1,276.90,651.14,122.09,65.05,0.61
134,2,422.00,460.00,90.00,132.00,0.84
135,2,429.20,457.60,83.60,136.00,0.67
136,2,433.78,455.62,84.70,134.47,0.78
137,2,439.90,454.16,86.62,130.83,0.78
138,2,446.91,451.49,87.93,129.00,0.86
139,2,451.20,445.57,95.49,129.24,0.88
140,2,453.94,438.70,107.52,130.11,0.87
141,2,458.73,434.34,123.58,129.08,0.87
145,3,361.00,294.00,257.00,128.00,0.73
146,3,358.60,295.60,257.80,140.80,0.60
147,3,353.52,295.15,263.34,148.42,0.85
148,3,338.73,290.52,276.75,151.94,0.78
149,3,331.88,288.20,272.96,152.91,0.85
150,3,328.54,287.50,264.67,149.52,0.86
151,3,334.90,289.47,247.37,143.94,0.80
152,3,338.95,290.26,240.57,142.58,0.82
153,3,346.78,291.95,233.47,141.42,0.80
154,3,353.80,291.90,146.00,118.48,0.64
155,3,360.79,292.64,199.72,129.52,0.61
156,3,368.74,292.86,202.19,130.06,0.59
157,3,378.04,294.30,188.09,126.30,0.68
157,4,382.00,293.00,69.00,86.00,0.77
158,3,392.50,294.15,178.61,122.91,0.70
159,3,405.72,296.14,171.98,116.30,0.55
160,3,419.10,297.54,155.28,110.53,0.69
161,3,438.39,299.41,138.23,103.75,0.57
167,5,447.00,436.00,156.00,121.00,0.80
168,5,444.60,437.60,152.00,122.60,0.81
169,5,441.80,435.60,148.11,128.28,0.74
170,5,436.93,438.71,146.06,127.19,0.70
171,5,431.76,443.56,142.51,126.61,0.54
172,5,431.76,448.73,138.54,124.91,0.79
173,5,429.04,451.11,135.92,124.30,0.69
174,5,428.25,453.22,132.33,124.77,0.63
175,5,426.70,455.23,129.82,124.26,0.71
176,5,424.86,457.21,128.38,124.07,0.64
177,5,425.68,457.16,125.23,124.68,0.73
178,5,426.08,460.40,121.47,122.22,0.74
179,5,428.37,461.52,118.88,121.98,0.77
180,5,428.55,463.19,116.02,121.23,0.84
181,5,429.33,463.72,114.43,121.63,0.85
182,5,428.28,465.18,112.61,119.79,0.78
183,5,427.23,465.65,110.02,119.78,0.73
184,5,424.83,466.42,109.19,119.13,0.66
185,5,423.32,465.98,107.64,120.23,0.69
186,5,424.15,465.77,105.13,120.66,0.76
187,5,425.18,465.64,102.28,121.49,0.73
188,5,431.71,467.53,95.22,119.83,0.58
264,6,414.00,485.00,81.00,117.00,0.80
265,6,413.20,485.80,82.60,115.40,0.82
266,6,413.05,484.41,82.91,115.09,0.86
267,6,410.67,483.17,84.56,114.99,0.87
268,6,410.67,479.81,83.59,117.22,0.88
269,6,410.72,478.76,82.50,117.95,0.88
270,6,409.36,478.48,81.41,118.17,0.89
271,6,406.81,477.76,81.73,118.22,0.89
272,6,406.62,477.56,79.80,118.22,0.88
273,6,405.92,478.21,77.73,118.20,0.89
274,6,405.02,478.49,78.37,118.17,0.88
275,6,405.40,477.96,77.28,118.82,0.88
276,6,402.88,478.45,78.93,118.38,0.85
277,6,403.31,479.32,76.88,117.54,0.71
280,7,302.00,288.00,219.00,89.00,0.70
281,7,310.00,286.40,219.80,116.20,0.84
282,7,321.55,290.35,219.18,141.43,0.85
283,7,327.76,293.96,229.88,211.88,0.69
284,7,333.85,294.31,231.78,213.11,0.73
285,7,338.47,294.80,233.62,220.89,0.88
286,7,334.94,294.92,240.38,227.49,0.91
287,7,340.25,294.90,238.62,232.49,0.91
288,7,341.37,296.09,236.40,231.85,0.92
289,7,338.90,295.87,234.10,230.75,0.91
290,7,340.52,297.66,227.77,226.43,0.89
291,7,343.70,298.96,223.31,227.28,0.88
292,7,352.19,300.07,219.63,231.71,0.86
293,7,351.15,299.82,233.81,229.20,0.85
294,7,359.21,302.91,234.36,219.25,0.92
295,7,363.55,308.70,232.53,211.54,0.92
296,7,362.40,309.50,234.44,206.33,0.92
297,7,356.57,313.72,238.42,199.49,0.92
298,7,349.68,320.60,239.24,199.41,0.90
299,7,347.62,332.37,234.90,185.99,0.90
300,7,346.12,346.28,231.19,173.17,0.89
301,7,349.53,361.47,225.13,160.91,0.87
302,7,340.74,371.47,229.55,155.94,0.85
303,7,342.12,379.53,218.64,153.63,0.84
304,7,342.68,384.84,208.36,156.36,0.79
305,7,342.20,389.89,201.26,148.01,0.83
306,7,339.99,396.85,193.35,142.24,0.80
306,8,452.00,498.00,89.00,83.00,0.75
307,7,339.20,403.86,187.20,130.00,0.82
307,8,448.00,500.40,85.00,82.20,0.83
308,7,336.88,408.06,181.73,122.29,0.82
308,8,444.87,502.41,81.87,78.95,0.84
309,7,330.59,408.49,177.88,117.06,0.83
309,8,438.28,503.87,79.28,80.27,0.80
310,7,321.54,407.67,176.67,116.20,0.85
310,8,430.30,504.25,76.30,81.47,0.79
311,7,318.35,405.15,166.22,115.37,0.85
311,8,421.32,504.33,74.75,83.33,0.76
312,7,311.78,403.38,163.27,116.63,0.84
312,8,413.61,505.71,73.64,84.66,0.80
313,7,310.27,402.64,154.19,117.89,0.81
313,8,407.75,507.54,72.65,85.80,0.74
314,7,307.12,404.96,146.28,119.13,0.78
314,8,403.22,508.86,74.49,88.22,0.82
315,7,304.75,413.08,146.53,115.01,0.80
315,8,401.15,509.31,75.87,91.74,0.84
316,7,299.92,424.15,150.85,111.54,0.74
316,8,400.64,508.13,76.41,95.66,0.78
317,7,297.60,432.11,148.51,110.38,0.83
318,7,297.57,435.51,148.47,112.75,0.86
319,7,299.68,439.94,141.86,111.01,0.80
320,7,293.10,448.12,140.23,106.41,0.80
321,7,291.51,457.05,131.64,101.39,0.82
322,7,283.48,465.54,130.72,96.93,0.88
323,7,278.72,474.51,127.78,92.01,0.81
324,7,271.69,480.20,124.14,93.16,0.85
325,7,265.88,484.06,123.66,94.30,0.87
326,7,261.91,483.90,119.54,97.49,0.86
327,7,258.62,488.98,118.18,94.08,0.85
328,7,255.55,494.68,118.48,92.18,0.86
329,7,251.21,496.56,121.38,92.22,0.87
330,7,249.08,497.74,123.17,91.61,0.81
331,7,248.43,498.66,121.93,98.81,0.78
332,7,247.02,494.43,124.19,122.13,0.77
333,7,241.97,490.50,134.30,134.47,0.83
334,7,236.93,490.51,134.20,134.76,0.73
335,7,235.10,494.83,132.84,128.97,0.69
336,7,239.82,501.00,131.65,133.69,0.64
337,7,252.94,510.93,128.56,130.94,0.70
337,9,395.00,513.00,75.00,120.00,0.71
338,7,268.66,510.19,132.06,144.06,0.76
339,7,288.84,512.43,131.38,147.66,0.78
340,7,306.46,516.40,138.38,142.62,0.82
341,7,320.06,521.75,141.63,162.00,0.85
342,7,329.08,523.13,151.95,175.29,0.81
343,7,338.79,527.32,152.68,155.74,0.85
344,7,344.35,532.83,148.99,150.18,0.78
345,7,346.88,533.41,152.07,160.70,0.81
346,7,345.74,536.18,153.84,164.51,0.78
347,7,348.99,542.95,147.31,149.80,0.83
348,7,346.65,548.14,144.68,142.26,0.86
349,7,343.63,549.22,141.69,145.57,0.87
350,7,334.33,552.18,148.56,153.35,0.87
351,7,332.18,553.21,149.11,156.90,0.89
352,7,328.63,552.83,151.27,159.53,0.89
353,7,327.89,551.27,150.75,162.43,0.89
354,7,324.27,550.57,149.85,164.79,0.88
355,7,318.25,550.87,152.78,163.67,0.87
356,7,312.72,550.91,153.87,159.22,0.85
357,7,308.65,552.17,154.90,158.11,0.84
358,7,305.82,553.24,148.71,152.37,0.87
359,7,301.46,553.58,145.61,150.15,0.88
360,7,292.56,558.32,142.45,136.64,0.90
361,7,283.97,561.41,141.30,128.76,0.89
362,7,275.56,560.34,142.22,130.91,0.90
363,7,269.90,558.59,141.26,133.05,0.88
364,7,263.94,558.56,139.59,133.24,0.86
365,7,257.87,562.50,138.98,124.02,0.88
366,7,253.79,563.94,136.78,121.96,0.88
367,7,249.78,563.05,134.65,119.95,0.89
368,7,245.12,566.06,135.90,116.59,0.87
369,7,239.57,568.47,137.06,115.46,0.87
370,7,236.98,580.79,134.21,105.67,0.81
371,7,227.53,592.96,133.82,96.59,0.82
372,7,220.87,598.44,137.03,95.73,0.72
373,7,219.20,615.34,132.31,82.42,0.65
374,7,214.82,629.15,127.83,70.58,0.67
375,7,210.04,613.72,131.60,93.28,0.64
376,7,196.54,609.48,140.24,99.06,0.67
377,7,184.47,604.16,153.17,108.08,0.73
378,7,178.03,601.39,160.06,113.51,0.79
379,7,171.86,600.22,165.95,115.01,0.78
380,7,169.64,600.36,166.28,114.25,0.76
381,7,169.04,601.03,161.13,113.24,0.81
382,7,168.43,600.61,160.32,113.46,0.58
383,7,168.37,601.08,165.21,112.85,0.62
384,7,166.52,601.24,167.66,112.58,0.77
385,7,166.63,600.61,169.19,113.11,0.76
386,7,166.18,599.70,169.06,115.25,0.81
387,7,165.50,599.35,170.25,116.04,0.83
388,7,164.71,598.54,173.26,116.96,0.81
389,7,165.16,598.23,175.00,117.28,0.80
390,7,164.79,596.79,176.91,117.37,0.76
391,7,164.09,596.24,178.89,117.38,0.69
392,7,163.26,595.38,174.37,118.01,0.60
393,7,157.09,596.37,181.79,118.23,0.50
399,7,141.40,589.59,191.39,122.71,0.57
400,7,139.12,587.69,193.37,125.74,0.67
401,7,138.33,587.04,192.08,126.77,0.70
402,7,138.77,586.16,190.90,127.79,0.74
403,7,138.35,585.84,191.10,128.16,0.68
404,7,139.57,583.78,188.52,129.59,0.60
408,7,140.27,582.87,182.75,128.27,0.74
409,7,140.57,583.56,178.58,126.65,0.69
410,7,140.67,582.46,178.56,128.11,0.71
411,7,140.05,581.40,178.57,128.65,0.71
412,7,139.84,581.01,177.28,127.54,0.72
413,7,139.79,580.88,174.83,127.12,0.70
414,7,137.78,580.84,177.96,126.97,0.67
415,7,137.05,580.84,179.13,128.25,0.70
416,7,137.46,580.19,181.58,128.73,0.72
417,7,136.98,579.30,183.83,130.24,0.66
418,7,138.13,578.97,185.34,130.14,0.72
419,7,139.24,578.86,184.59,130.10,0.73
420,7,141.66,577.52,183.63,131.40,0.74
421,7,143.90,576.36,183.92,131.23,0.74
422,7,144.74,576.60,182.70,131.81,0.75
423,7,149.01,576.71,178.93,133.34,0.73
424,7,152.61,576.77,175.50,133.91,0.75
425,7,155.25,576.15,172.91,134.77,0.73
426,7,154.84,575.92,173.32,135.08,0.74
427,7,153.32,575.85,174.17,134.52,0.73
428,7,154.70,576.50,172.52,133.63,0.76
429,7,152.53,576.76,175.26,133.28,0.77
430,7,156.31,577.52,170.36,132.48,0.74
431,7,159.74,577.82,166.49,131.52,0.77
432,7,160.30,577.93,165.10,131.15,0.77
433,7,159.13,577.97,166.63,131.68,0.80
434,7,156.67,577.33,168.57,132.54,0.80
435,7,154.40,577.09,169.32,133.53,0.81
436,7,152.86,577.00,171.61,133.24,0.79
437,7,151.62,576.97,171.83,133.12,0.79
438,7,151.15,576.96,170.60,133.07,0.78
439,7,148.99,578.28,172.12,131.73,0.77
440,7,149.51,578.78,172.04,132.55,0.76
441,7,148.41,578.97,172.67,132.85,0.74
442,7,148.66,580.35,171.58,131.65,0.77
443,7,148.11,580.87,172.50,131.85,0.77
444,7,147.92,581.06,172.84,131.93,0.74
445,7,147.86,581.12,172.97,132.62,0.75
446,7,144.55,580.47,177.64,133.55,0.60
447,7,143.32,583.51,183.30,131.26,0.50
448,7,140.92,585.32,182.20,129.72,0.55
449,7,140.01,585.98,181.72,129.14,0.53
450,7,141.02,586.87,177.55,127.61,0.66
451,7,141.44,586.51,175.94,127.72,0.68
452,7,138.97,585.69,177.32,129.10,0.68
453,7,136.09,585.36,180.47,129.63,0.63
454,7,135.68,585.23,179.68,129.84,0.62
455,7,138.21,585.16,177.38,129.92,0.69
456,7,139.21,585.13,177.15,129.95,0.72
457,7,139.60,585.11,176.41,129.97,0.68
458,7,139.76,583.77,176.12,129.98,0.61
459,7,139.83,583.92,176.02,130.64,0.61
460,7,141.19,583.98,175.32,130.89,0.59
461,7,141.71,584.00,175.06,130.99,0.63
462,7,141.25,584.01,176.29,131.02,0.62
463,7,140.41,584.01,178.08,131.03,0.56
464,7,139.44,582.69,176.78,131.69,0.53
465,7,136.43,582.19,178.26,131.94,0.58
466,7,135.31,582.01,177.50,132.03,0.59
467,7,134.91,581.95,175.22,132.05,0.67
468,7,136.77,581.93,172.36,132.06,0.70
469,7,137.49,581.93,171.30,132.06,0.69
470,7,136.44,580.61,171.58,133.37,0.73
471,7,130.75,580.12,179.00,134.52,0.75
472,7,128.65,579.94,181.77,134.95,0.77
473,7,127.87,577.91,182.82,136.42,0.73
474,7,126.95,577.16,184.50,136.96,0.76
475,7,127.30,576.89,185.12,137.15,0.67
476,7,128.78,576.80,184.66,137.20,0.68
477,7,130.03,576.13,183.14,136.55,0.54
478,7,131.85,575.89,181.22,136.28,0.59
479,7,131.89,575.82,180.48,135.51,0.55
506,7,140.95,579.94,181.99,134.01,0.52
507,7,141.10,580.04,182.02,133.98,0.58
508,7,142.49,580.08,180.69,133.97,0.52
509,7,142.32,580.08,180.19,133.97,0.69
510,7,142.91,580.08,180.01,133.98,0.61
511,7,143.11,580.07,180.61,134.65,0.60
513,7,142.40,579.28,180.12,135.72,0.60
514,7,144.91,578.42,177.98,136.62,0.57
515,7,144.45,578.11,176.56,136.94,0.66
516,7,146.93,578.00,174.05,137.06,0.60
517,7,143.84,579.95,173.13,134.45,0.58
518,7,143.33,580.02,168.14,134.11,0.67
519,7,141.12,580.05,168.33,133.99,0.69
520,7,137.64,580.71,170.43,133.29,0.69
521,7,137.02,580.30,169.92,133.70,0.52
530,7,138.64,576.17,156.48,134.95,0.66
531,7,141.70,575.96,159.43,135.71,0.71
532,7,143.28,575.89,158.96,135.30,0.56
533,7,143.20,575.21,162.80,133.15,0.65
534,7,143.16,574.96,166.22,132.34,0.64
535,7,144.45,574.89,162.92,130.71,0.60
536,7,146.26,576.87,158.97,131.44,0.69
536,10,127.00,320.00,92.00,134.00,0.74
537,7,148.26,577.61,156.83,131.73,0.70
537,10,129.40,324.80,120.00,154.00,0.72
538,7,147.65,578.55,158.73,130.52,0.75
538,10,138.99,364.69,152.43,132.65,0.79
539,7,148.72,580.24,160.11,130.74,0.76
539,10,157.89,425.38,178.01,85.39,0.70
540,7,148.45,580.86,165.26,131.49,0.69
540,10,186.35,446.21,190.17,109.55,0.86
541,10,208.95,451.04,182.00,172.65,0.64
542,10,175.52,457.06,204.57,230.32,0.63
543,10,230.37,462.07,124.62,221.61,0.80
544,10,248.44,469.52,75.36,211.91,0.82
545,10,251.78,477.39,54.64,165.42,0.73
546,10,247.43,482.11,53.62,132.70,0.76
547,10,245.91,483.39,54.07,171.25,0.76
548,10,246.00,485.17,54.45,183.20,0.83
549,10,249.50,483.10,53.33,187.75,0.83
550,10,251.28,479.68,53.82,189.05,0.84
551,10,250.41,474.00,56.16,189.76,0.86
551,7,148.22,595.69,172.80,120.30,0.51
552,10,246.66,465.61,62.44,185.16,0.83
552,7,148.81,596.94,166.96,119.15,0.60
553,7,149.68,498.85,166.29,215.93,0.57
554,7,148.00,461.93,168.70,251.93,0.73
554,10,234.94,447.57,81.47,129.36,0.57
555,7,149.34,534.81,162.36,180.32,0.66
555,10,205.50,442.86,107.62,128.52,0.78
556,7,149.18,575.42,159.24,140.35,0.71
556,10,202.21,442.84,98.01,85.66,0.76
557,7,148.44,589.36,156.77,126.61,0.64
557,10,174.67,420.58,98.57,87.16,0.86
558,10,161.77,379.16,87.94,119.27,0.86
559,10,155.53,343.89,70.06,140.99,0.80
560,10,145.80,323.48,60.17,142.47,0.76
562,10,131.49,316.33,55.77,112.29,0.76
654,11,153.00,592.00,103.00,104.00,0.70
655,11,151.40,590.40,107.80,107.20,0.62
656,11,154.89,590.86,113.27,108.57,0.74
657,11,156.87,592.55,120.45,109.05,0.69
658,11,161.03,593.08,121.33,109.90,0.70
659,11,163.83,594.66,122.07,110.16,0.73
660,11,165.41,595.87,124.94,110.21,0.79
661,11,165.88,596.26,128.57,111.59,0.77
662,11,165.31,597.04,129.16,112.07,0.77
663,11,165.65,597.29,129.92,113.56,0.73
664,11,165.72,597.35,130.76,113.43,0.76
665,11,165.68,597.34,130.98,113.35,0.73
666,11,162.98,597.98,136.92,111.96,0.71
667,11,162.59,598.19,139.75,110.75,0.62
668,11,166.30,598.24,136.22,110.28,0.83
669,11,167.07,598.24,136.02,110.11,0.82
670,11,167.33,598.89,135.89,109.38,0.84
671,11,168.05,599.12,136.44,109.77,0.82
672,11,168.29,598.52,134.63,109.91,0.85
673,11,167.69,598.28,131.89,108.65,0.85
674,11,167.43,596.85,130.82,110.83,0.86
675,11,167.98,596.31,129.07,109.67,0.87
676,11,168.16,596.10,125.07,108.55,0.86
677,11,169.55,596.69,120.87,107.47,0.85
678,11,170.72,596.91,117.99,107.07,0.84
679,11,171.12,597.65,115.62,105.61,0.83
680,11,171.24,597.93,114.13,105.07,0.83
681,11,171.26,598.03,113.63,103.55,0.80
682,11,171.92,596.72,112.82,97.66,0.80
683,11,173.48,596.22,107.88,95.47,0.81
684,11,173.36,596.05,105.41,94.06,0.79
685,11,173.29,595.98,103.23,94.27,0.76
686,11,174.60,595.97,100.47,94.39,0.73
687,11,174.38,595.96,100.23,94.48,0.74
688,11,174.28,595.96,100.20,94.55,0.74
689,11,174.22,595.97,100.25,95.27,0.74
690,11,172.85,595.97,101.00,94.90,0.75
691,11,174.33,595.97,99.99,94.79,0.75
692,11,174.20,595.31,100.32,96.09,0.75
693,11,174.15,595.07,100.48,96.59,0.76
694,11,174.12,594.98,100.57,96.79,0.75
695,11,174.10,594.95,100.64,96.88,0.75
696,11,174.09,594.95,100.68,96.91,0.73
697,11,173.41,594.95,102.05,96.93,0.75
698,11,173.82,594.95,101.26,96.94,0.75
699,11,174.63,595.62,101.63,96.29,0.75
700,11,173.61,595.87,100.46,96.05,0.72
701,11,173.88,595.97,99.37,95.96,0.69
702,11,173.98,596.00,100.30,95.94,0.66
703,11,174.02,596.01,100.66,95.93,0.64
704,11,173.37,595.35,102.13,96.60,0.65
705,11,173.12,595.11,102.69,96.85,0.63
706,11,173.69,595.01,101.59,96.95,0.59
707,11,173.90,594.98,101.17,96.99,0.61
708,11,173.98,594.97,101.01,97.00,0.54
709,11,173.35,594.97,100.30,97.00,0.54
710,11,173.11,595.63,100.03,96.34,0.53
716,11,173.88,595.97,99.06,95.09,0.51
736,11,168.04,594.01,102.97,96.98,0.56
737,12,321.00,333.00,87.00,120.00,0.80
738,12,313.00,358.60,111.00,95.20,0.86
738,11,165.54,595.55,104.61,96.23,0.71
739,12,298.79,393.63,137.99,59.51,0.75
739,11,165.05,596.58,107.61,103.54,0.76
740,12,291.09,392.99,148.19,95.15,0.87
740,11,163.57,596.28,114.58,106.69,0.69
741,12,287.66,396.28,149.48,109.93,0.87
741,11,163.02,596.81,120.42,106.60,0.78
742,12,287.43,395.91,148.55,119.26,0.89
742,11,162.82,598.97,120.75,110.45,0.84
743,12,290.33,397.16,141.68,125.62,0.90
743,11,163.41,599.13,121.45,113.18,0.83
744,12,291.05,397.39,137.27,128.93,0.88
744,11,166.26,599.83,119.71,114.19,0.82
745,12,290.79,397.91,136.80,132.98,0.89
745,11,166.07,601.39,121.60,113.88,0.79
746,12,290.12,396.69,137.85,137.43,0.90
746,11,165.34,603.28,124.24,112.40,0.79
747,12,289.31,396.70,139.46,140.16,0.90
747,11,164.42,603.98,127.81,112.45,0.72
748,12,289.08,395.94,139.97,142.83,0.90
748,11,163.42,604.22,128.49,113.09,0.65
749,12,289.08,394.90,140.06,144.89,0.91
749,11,163.04,604.29,128.69,113.31,0.61
750,12,290.48,395.04,137.37,147.99,0.90
750,11,162.91,608.24,128.71,109.42,0.61
751,12,291.75,395.66,134.92,151.54,0.90
751,11,163.52,612.39,127.36,105.22,0.51
752,12,293.61,396.49,130.61,155.93,0.87
753,12,296.37,395.48,118.86,165.11,0.86
753,11,164.69,614.96,126.52,103.42,0.62
754,12,298.14,396.31,106.82,173.63,0.83
754,11,171.81,616.04,117.97,101.03,0.71
755,12,298.77,399.75,98.40,181.27,0.83
755,11,178.43,612.36,110.15,104.23,0.69
756,12,302.53,404.24,85.75,186.65,0.86
757,12,308.20,411.70,72.16,189.22,0.82
757,11,186.59,596.74,102.47,118.08,0.70
758,12,309.19,420.99,62.14,190.00,0.84
758,11,188.73,587.45,106.13,121.79,0.69
759,12,306.32,429.08,58.06,192.65,0.65
759,11,189.44,580.00,110.65,125.11,0.79
760,12,300.98,437.92,54.88,190.94,0.51
760,11,188.35,557.88,114.97,140.49,0.72
761,12,295.62,449.70,54.21,189.38,0.73
761,11,193.74,551.97,112.05,138.88,0.75
762,12,287.51,461.92,57.77,189.91,0.58
762,11,201.10,551.69,104.88,133.49,0.78
763,11,203.80,540.64,105.52,140.43,0.63
764,11,208.04,512.95,105.76,169.82,0.62
765,11,209.53,504.23,105.86,180.95,0.64
766,11,211.99,513.83,101.92,173.75,0.54
767,11,212.11,506.72,103.13,186.48,0.53
768,11,212.76,509.70,100.93,184.35,0.55
769,11,213.57,533.72,97.43,158.79,0.59
770,11,211.76,514.59,102.24,180.08,0.51
772,11,210.20,492.75,106.67,200.73,0.54
773,11,209.68,485.10,126.33,208.56,0.69
774,11,210.13,482.90,132.03,212.79,0.73
775,11,210.29,482.19,131.15,216.30,0.64
776,11,209.03,482.04,130.01,222.10,0.62
777,11,207.23,481.45,130.12,215.92,0.69
778,11,207.17,481.38,127.50,214.00,0.70
779,11,206.48,479.49,126.40,213.87,0.69
780,11,205.55,478.22,125.27,216.39,0.68
781,11,205.20,477.83,124.80,215.34,0.62
782,11,205.06,477.78,121.28,215.53,0.66
783,11,205.01,477.85,123.23,216.88,0.72
784,11,206.31,478.61,121.31,217.35,0.76
785,11,207.47,478.31,121.21,219.46,0.78
786,11,207.90,478.25,120.50,220.87,0.83
787,11,208.72,478.29,120.88,220.71,0.85
788,11,209.67,480.98,121.68,219.29,0.84
789,11,210.02,482.05,121.98,218.05,0.85
790,11,209.48,482.48,122.74,218.87,0.85
791,11,209.92,482.01,122.36,220.48,0.84
792,11,209.41,481.19,121.54,218.43,0.83
793,11,208.55,480.23,119.24,218.95,0.81
794,11,206.88,480.55,117.70,217.81,0.80
795,11,204.26,480.03,117.80,215.37,0.80
796,11,201.96,479.19,117.18,214.45,0.83
797,11,200.45,478.89,116.30,214.10,0.84
798,11,200.58,479.46,116.64,217.29,0.83
799,11,202.64,482.32,116.12,217.83,0.73
800,11,206.09,532.89,120.58,169.88,0.65
801,11,208.03,553.46,124.20,150.34,0.61
802,11,208.77,559.57,127.53,143.81,0.70
803,11,210.99,513.02,122.95,191.62,0.66
804,11,209.85,505.55,121.77,198.30,0.65
805,11,207.43,540.90,123.30,159.98,0.70
806,11,205.20,554.89,120.59,142.53,0.64
807,11,199.69,511.84,121.52,185.88,0.73
808,11,196.33,500.08,121.87,197.70,0.74
809,11,194.43,496.43,121.34,205.19,0.80
810,11,191.77,497.71,118.49,204.21,0.82
811,11,189.48,499.73,114.74,203.60,0.80
812,11,187.35,507.15,111.33,197.36,0.71
813,11,185.95,504.92,108.09,200.70,0.64
814,11,183.47,509.35,105.59,196.67,0.54
957,13,338.00,325.00,54.00,45.00,0.71
958,13,338.80,327.40,63.60,57.80,0.74
959,13,339.68,329.24,68.27,70.70,0.72
960,13,338.55,327.31,86.84,114.67,0.78
961,13,340.07,341.45,114.58,130.87,0.87
962,13,344.85,364.35,144.53,137.54,0.87
963,13,353.97,394.26,173.99,128.57,0.81
964,13,372.02,429.49,195.64,111.28,0.78
965,13,398.42,467.50,204.81,89.15,0.74
967,13,443.49,525.86,177.49,66.75,0.63
968,13,449.20,544.29,155.10,70.16,0.82
969,13,438.93,540.13,151.71,99.32,0.75
970,13,428.70,536.60,156.76,123.08,0.83
971,13,425.56,537.31,138.01,140.19,0.77
972,13,423.57,532.81,130.24,155.36,0.75
973,13,422.00,532.30,129.91,161.03,0.81
974,13,423.38,533.46,128.56,164.36,0.83
975,13,428.48,535.46,125.53,165.48,0.88
976,13,434.24,542.25,125.99,161.27,0.89
977,13,439.54,549.08,126.95,158.00,0.84
978,13,446.02,559.84,125.41,152.00,0.78
979,13,454.96,568.22,124.28,149.44,0.77
980,13,463.43,589.47,116.57,127.99,0.57
