99,1,809.00,650.00,62.00,66.00,0.72
100,1,804.20,643.60,66.00,72.40,0.50
101,1,796.50,636.42,69.78,80.33,0.70
102,1,787.03,627.28,75.60,88.29,0.85
103,1,779.70,619.94,79.65,95.17,0.85
104,1,774.56,613.39,79.60,100.89,0.87
105,1,766.84,606.51,79.36,107.46,0.89
106,1,761.56,600.81,77.11,112.41,0.88
107,1,752.44,596.21,78.19,114.16,0.87
108,1,743.30,590.13,78.54,116.53,0.87
109,1,732.15,584.74,83.26,121.14,0.86
110,1,721.65,578.33,85.00,129.81,0.87
111,1,711.34,570.91,88.21,139.41,0.88
112,1,700.51,563.71,95.20,148.76,0.88
113,1,692.05,557.22,101.66,156.76,0.87
114,1,687.02,552.27,105.44,162.95,0.88
115,1,685.32,547.96,108.12,166.51,0.88
116,1,686.84,543.91,105.91,170.26,0.88
117,1,693.01,540.59,100.33,172.83,0.87
118,1,701.05,538.83,92.08,174.92,0.86
119,1,707.80,535.77,84.80,178.12,0.86
120,1,713.19,533.46,78.00,181.13,0.86
121,1,715.27,530.80,73.51,183.42,0.84
122,1,709.11,527.36,78.26,187.36,0.84
123,1,699.72,525.52,87.18,189.39,0.87
124,1,689.84,522.39,96.28,191.96,0.86
125,1,682.84,520.67,102.40,193.45,0.86
126,1,681.42,520.15,100.39,193.88,0.85
127,1,677.18,520.75,98.80,193.25,0.87
128,1,672.43,524.39,96.16,189.60,0.87
129,1,668.80,529.22,93.77,186.09,0.87
130,1,663.61,532.47,92.83,182.67,0.86
131,1,659.17,537.74,88.48,177.33,0.88
132,1,658.38,542.45,84.78,173.26,0.87
133,1,657.59,544.21,80.72,170.40,0.87
134,1,654.06,543.52,79.26,170.68,0.85
135,1,649.54,541.25,80.12,174.12,0.84
136,1,643.99,537.11,81.81,178.05,0.87
137,1,639.40,531.60,83.78,183.47,0.86
138,1,637.15,528.22,83.22,186.82,0.86
139,1,635.14,526.96,83.68,188.72,0.86
140,1,638.48,523.26,78.56,192.01,0.83
141,1,642.02,521.24,76.61,194.52,0.82
142,1,644.73,520.52,79.98,194.77,0.82
143,1,648.36,524.23,85.15,190.88,0.84
144,1,649.77,526.39,93.57,187.99,0.84
145,1,652.22,531.21,101.87,183.56,0.80
146,1,659.50,536.38,104.53,175.87,0.83
147,1,657.39,540.34,112.54,172.32,0.85
147,2,579.00,91.00,235.00,224.00,0.71
148,1,655.94,543.78,116.87,169.71,0.87
148,2,582.20,72.60,195.80,170.40,0.59
149,1,655.35,547.69,119.80,166.11,0.86
150,1,655.75,549.08,121.52,164.84,0.84
151,1,656.55,550.21,120.82,163.76,0.52
152,1,657.51,552.57,119.15,162.08,0.57
153,1,649.40,554.06,125.59,160.85,0.78
154,1,643.81,553.20,127.98,161.80,0.81
155,1,637.75,552.84,132.05,162.20,0.66
182,1,586.21,535.14,149.93,177.93,0.79
183,1,586.72,527.43,148.19,185.56,0.86
184,1,585.64,523.41,148.20,190.20,0.84
185,1,585.30,521.90,148.19,191.95,0.84
186,1,585.90,522.04,148.84,191.25,0.83
187,1,586.19,522.17,148.41,190.91,0.85
188,1,587.01,522.27,147.57,190.73,0.87
189,1,586.70,523.02,147.24,189.96,0.87
190,1,585.96,523.35,146.45,189.62,0.85
191,1,585.05,522.84,146.15,190.78,0.86
192,1,583.41,522.02,146.03,191.85,0.86
193,1,582.16,521.74,145.99,192.23,0.87
194,1,581.73,522.32,146.64,191.68,0.87
195,1,581.60,522.57,146.89,190.78,0.87
196,1,581.59,522.69,146.98,191.08,0.86
197,1,581.61,522.75,147.01,191.18,0.87
198,1,581.65,522.79,147.02,191.20,0.87
199,1,581.69,523.48,147.02,189.87,0.86
200,1,582.39,523.75,145.70,189.35,0.88
201,1,583.33,524.52,145.20,188.49,0.88
202,1,583.04,525.48,144.35,188.16,0.89
203,1,582.94,527.17,144.04,186.72,0.89
204,1,582.91,527.80,143.93,186.17,0.89
205,1,584.23,528.69,143.24,185.31,0.89
206,1,584.73,529.01,142.99,185.00,0.89
207,1,584.92,529.12,142.90,184.23,0.89
208,1,584.99,529.81,142.22,183.29,0.89
209,1,584.35,530.06,141.97,182.96,0.87
210,1,585.44,530.80,141.23,182.18,0.87
211,1,585.18,531.07,140.30,181.91,0.88
212,1,585.08,531.15,139.96,181.82,0.89
213,1,585.71,532.49,140.52,180.48,0.89
214,1,585.94,532.98,140.74,179.99,0.90
215,1,586.02,533.81,140.17,178.50,0.86
216,1,601.95,536.10,124.06,175.30,0.57
227,1,658.92,537.06,64.34,69.75,0.62
228,1,649.19,537.01,72.99,96.88,0.78
229,1,632.41,539.02,90.31,138.74,0.85
230,1,606.12,540.41,116.79,159.48,0.88
231,1,592.98,542.86,130.60,168.67,0.89
232,1,588.61,543.89,135.89,171.44,0.90
233,1,586.46,544.28,138.42,172.73,0.90
234,1,587.73,545.04,137.93,171.59,0.90
235,1,588.49,545.31,137.48,170.78,0.90
236,1,587.70,544.74,138.38,171.45,0.90
237,1,585.63,543.84,140.49,172.76,0.90
238,1,598.45,544.76,127.03,165.93,0.92
239,1,605.34,545.10,120.53,163.56,0.91
240,1,624.08,545.86,102.61,159.88,0.81
241,1,629.21,545.47,97.77,154.33,0.84
242,3,228.00,258.00,453.00,446.00,0.83
243,3,231.20,232.40,470.60,423.60,0.82
244,3,264.54,195.26,453.39,358.88,0.69
254,1,585.82,538.46,138.37,171.71,0.87
255,1,581.19,536.77,142.87,176.24,0.88
256,1,578.74,535.53,145.27,178.48,0.88
257,1,577.22,533.75,146.13,179.95,0.88
258,1,575.44,531.78,147.66,181.77,0.89
259,1,574.20,530.39,148.81,183.07,0.90
260,1,572.51,530.54,149.81,182.86,0.90
261,1,571.94,531.28,150.76,182.73,0.90
262,1,570.52,532.24,151.70,181.32,0.89
263,1,568.10,532.62,153.93,180.74,0.89
264,1,566.59,532.78,156.02,180.49,0.89
265,1,565.44,531.53,158.04,181.69,0.89
266,1,567.02,529.75,157.46,183.43,0.88
267,1,567.72,527.12,158.45,186.70,0.89
268,1,568.70,524.18,158.76,189.87,0.88
269,1,570.43,521.12,157.51,193.66,0.88
270,1,574.44,517.38,154.34,197.02,0.81
330,4,1058.00,475.00,154.00,140.00,0.76
331,4,1018.00,491.00,141.20,141.60,0.87
332,4,973.64,510.97,139.46,130.39,0.87
333,4,922.65,532.18,142.09,116.13,0.88
334,4,878.43,538.80,156.44,104.63,0.86
335,4,843.84,528.77,163.89,110.74,0.57
336,4,813.86,515.29,161.70,119.56,0.66
337,4,787.02,495.46,154.36,130.95,0.81
338,4,763.34,481.52,150.00,135.21,0.88
339,4,741.93,466.97,140.82,137.51,0.86
340,4,724.23,448.42,135.99,144.26,0.86
341,4,712.37,432.50,131.55,148.07,0.83
342,4,701.88,423.33,128.63,147.53,0.78
342,1,625.98,422.02,211.98,277.97,0.72
343,4,693.07,421.44,132.44,147.87,0.65
343,1,623.18,424.56,213.01,281.68,0.83
344,1,646.33,427.08,192.92,264.79,0.77
345,1,631.17,424.09,211.92,279.05,0.83
346,1,631.34,423.69,213.72,274.89,0.73
347,1,626.73,424.26,221.63,275.86,0.71
348,1,621.70,425.17,232.41,276.20,0.64
349,1,681.77,426.87,177.72,181.46,0.72
350,1,702.48,432.42,158.16,142.69,0.83
351,1,706.50,435.38,153.71,133.42,0.80
352,1,706.92,433.12,150.30,131.22,0.83
353,1,704.67,428.74,148.63,133.94,0.85
354,1,702.93,425.19,148.24,136.57,0.80
355,1,703.49,421.91,145.54,139.87,0.77
356,1,704.20,418.07,143.36,142.63,0.80
357,1,706.37,414.03,140.68,151.88,0.74
358,1,707.71,410.63,141.90,157.28,0.80
359,1,708.77,412.03,143.78,152.88,0.83
360,1,710.40,413.37,144.57,157.89,0.83
361,1,712.92,413.90,142.94,153.19,0.84
362,1,719.11,418.86,143.08,148.73,0.88
363,1,730.64,432.17,149.19,146.45,0.90
364,1,754.44,461.18,153.43,135.61,0.89
365,1,794.75,495.40,152.47,111.69,0.68
366,1,863.48,534.56,136.27,91.49,0.73
367,1,931.54,567.50,122.40,83.24,0.72
402,5,645.00,522.00,92.00,117.00,0.70
403,5,613.00,522.00,124.80,162.60,0.75
404,5,614.39,521.31,121.46,158.05,0.89
405,5,593.94,518.02,140.34,180.81,0.86
406,5,585.19,517.62,147.22,192.39,0.87
407,5,584.86,515.53,144.86,191.21,0.84
408,5,581.12,514.10,144.92,196.33,0.86
409,5,574.59,512.95,147.46,201.34,0.88
410,5,568.37,511.24,147.62,203.04,0.81
411,5,576.86,510.64,134.25,182.42,0.81
412,5,564.06,507.76,141.23,197.88,0.84
413,5,560.99,506.12,138.35,197.98,0.83
414,5,552.73,507.51,141.82,203.72,0.88
415,5,546.53,508.09,143.06,205.80,0.89
416,5,540.41,509.66,144.14,204.51,0.89
417,5,536.97,510.31,143.84,203.86,0.89
418,5,537.20,511.24,141.04,201.53,0.85
419,5,534.87,509.64,141.91,201.85,0.85
420,5,533.48,509.71,140.90,202.57,0.86
421,5,542.41,509.75,131.21,181.72,0.82
422,5,539.28,508.42,134.27,186.48,0.81
423,5,548.81,508.64,124.76,178.16,0.84
424,5,549.95,508.75,125.88,170.24,0.89
425,5,558.40,509.49,120.28,152.39,0.87
426,5,576.61,512.61,104.61,121.31,0.85
427,5,586.90,513.72,96.07,98.79,0.76
572,6,700.00,542.00,79.00,76.00,0.73
573,6,702.40,530.00,85.40,98.40,0.74
574,6,685.57,517.28,113.65,131.33,0.84
575,6,655.86,502.61,156.72,169.42,0.86
575,7,895.00,387.00,231.00,142.00,0.73
576,6,645.42,490.84,179.97,193.12,0.90
577,6,642.24,485.92,195.95,198.44,0.90
578,6,647.09,484.32,205.49,196.22,0.90
579,6,652.86,482.17,209.82,198.10,0.86
579,8,811.00,560.00,217.00,109.00,0.76
580,6,658.28,482.20,209.49,200.19,0.79
580,8,783.80,577.60,209.00,115.40,0.72
581,6,698.10,489.47,174.48,186.46,0.64
581,8,758.21,574.88,300.27,134.01,0.60
582,6,673.86,500.77,199.12,189.77,0.86
583,6,694.73,516.05,174.43,181.78,0.75
584,6,710.13,532.89,151.67,156.22,0.86
585,6,742.46,549.35,115.46,117.59,0.70
607,9,699.00,554.00,97.00,161.00,0.72
608,9,699.80,554.80,99.40,160.20,0.72
609,9,699.95,556.50,99.86,159.27,0.71
610,9,700.78,554.72,103.11,160.53,0.74
611,9,701.77,554.87,104.13,160.19,0.70
612,9,702.09,557.11,105.83,159.34,0.77
613,9,700.79,560.00,111.23,155.51,0.81
614,9,699.64,561.69,116.48,154.18,0.74
615,9,695.90,565.01,122.35,150.98,0.73
652,10,1007.00,421.00,187.00,221.00,0.80
653,10,997.40,471.40,193.40,213.80,0.63
