70,1,689.00,605.00,50.00,84.00,0.73
71,1,686.60,601.80,50.80,87.20,0.76
72,1,680.77,600.43,53.25,87.81,0.76
73,1,674.24,599.96,56.36,86.48,0.71
76,1,663.97,594.32,57.12,87.85,0.65
77,1,660.23,591.54,58.41,87.34,0.73
78,1,656.99,586.53,57.47,89.22,0.83
79,1,651.20,581.43,57.12,89.89,0.87
80,1,644.50,573.59,59.02,93.47,0.82
81,1,634.87,568.13,61.70,96.09,0.85
82,1,624.18,563.54,64.01,96.42,0.83
83,1,615.02,558.63,66.19,96.49,0.87
84,1,606.48,553.62,67.65,97.80,0.88
85,1,596.25,549.88,70.14,100.22,0.89
86,1,588.62,547.94,71.71,100.47,0.86
87,1,580.71,546.04,74.23,102.48,0.85
88,1,573.99,542.83,76.45,104.51,0.86
89,1,569.01,539.76,77.92,105.91,0.86
90,1,566.02,536.11,77.81,107.05,0.85
91,1,563.17,532.22,78.36,108.10,0.84
92,1,559.68,528.25,77.88,109.11,0.85
93,1,557.26,524.24,76.99,111.41,0.85
94,1,554.59,522.82,77.93,111.60,0.86
95,1,553.09,522.41,78.91,111.62,0.86
96,1,553.35,522.39,78.61,112.24,0.85
97,1,557.58,522.48,76.49,113.09,0.86
98,1,562.06,522.62,76.30,112.07,0.85
99,1,569.77,521.46,74.90,110.98,0.84
100,1,578.79,519.12,72.36,109.22,0.82
101,1,588.27,516.34,69.38,108.52,0.71
102,1,599.23,513.39,63.55,106.93,0.79
103,1,607.38,511.04,60.74,106.32,0.85
104,1,610.80,510.24,59.81,106.09,0.83
105,1,613.27,510.03,58.84,106.67,0.83
106,1,616.76,512.01,57.19,106.23,0.85
107,1,619.25,515.49,55.96,105.40,0.81
108,1,620.02,516.85,56.26,105.75,0.83
109,1,620.88,518.72,56.41,105.23,0.80
110,1,623.77,520.77,55.16,103.71,0.78
111,1,625.41,521.56,54.74,103.14,0.76
112,1,626.59,521.86,57.31,103.61,0.64
113,1,627.63,522.63,59.58,105.11,0.65
114,1,629.90,523.57,60.45,105.03,0.83
115,1,633.32,525.25,59.49,104.34,0.83
125,1,647.26,531.89,59.98,101.10,0.62
126,1,649.65,531.44,60.70,102.37,0.61
138,1,670.01,536.99,61.97,97.12,0.70
143,2,542.00,606.00,116.00,92.00,0.71
194,3,192.00,298.00,170.00,60.00,0.81
195,3,180.00,295.60,184.40,96.00,0.88
196,3,174.75,295.21,187.10,120.34,0.82
197,3,169.05,295.67,191.88,136.97,0.84
198,3,165.13,296.52,196.30,150.08,0.89
199,3,165.38,296.24,194.86,165.19,0.87
200,3,167.77,297.37,189.99,176.66,0.76
201,3,169.47,297.22,188.12,187.24,0.87
202,3,173.58,300.88,184.00,194.33,0.91
203,3,178.56,307.40,181.12,198.71,0.92
204,3,183.78,314.45,178.05,198.83,0.90
205,3,188.38,322.36,176.97,198.46,0.90
206,3,191.36,330.57,177.30,199.24,0.93
207,3,194.41,338.86,176.79,196.68,0.91
208,3,196.13,346.56,176.64,195.99,0.87
209,3,198.03,353.97,177.28,193.53,0.90
210,3,199.99,360.61,178.22,193.64,0.88
211,3,202.64,367.58,179.26,192.19,0.88
212,3,205.55,373.37,179.00,190.13,0.89
213,3,209.22,377.37,177.59,188.53,0.90
214,3,210.51,380.68,176.40,188.45,0.88
215,3,211.57,381.77,176.64,188.97,0.90
216,3,211.89,380.69,176.74,191.06,0.90
217,3,211.93,381.45,176.80,193.08,0.87
218,3,212.54,384.23,177.49,196.40,0.79
219,3,213.37,385.84,179.75,207.37,0.77
220,3,215.60,387.66,181.26,227.54,0.82
221,3,217.71,389.58,179.20,230.91,0.81
222,3,219.11,390.21,177.08,230.12,0.79
223,3,220.23,391.64,174.95,223.13,0.79
224,3,221.92,392.08,174.84,222.19,0.81
225,3,222.50,392.16,174.81,224.36,0.81
226,3,223.32,392.78,173.49,219.87,0.81
227,3,224.23,394.24,171.68,219.32,0.83
228,3,225.18,395.38,170.35,221.68,0.84
229,3,225.49,396.40,169.22,221.20,0.83
230,3,226.22,396.72,167.49,217.00,0.80
231,3,227.78,398.76,167.54,223.95,0.85
232,3,228.98,400.13,166.26,223.89,0.84
233,3,229.39,400.59,165.81,224.45,0.85
234,3,230.16,401.36,165.01,222.64,0.85
235,3,230.40,400.93,164.08,220.57,0.84
236,3,230.45,400.72,164.42,223.73,0.85
237,3,230.44,400.60,163.92,224.23,0.85
238,3,230.40,401.83,161.76,221.09,0.84
239,3,232.35,402.26,158.98,216.54,0.81
240,3,233.05,403.05,157.98,217.48,0.81
241,3,233.95,403.98,157.65,220.48,0.82
242,3,236.25,404.29,155.57,218.31,0.75
243,3,239.08,404.38,152.82,221.44,0.73
244,3,241.43,403.72,150.51,223.27,0.79
245,3,242.92,403.45,148.36,224.60,0.76
246,3,243.42,403.98,147.63,223.77,0.73
247,3,244.22,404.82,146.08,222.11,0.73
248,3,243.80,405.12,144.89,220.14,0.74
249,3,243.60,405.21,145.17,220.72,0.73
250,3,242.15,405.89,136.00,179.96,0.72
251,3,239.50,405.39,133.28,165.08,0.76
252,3,237.87,405.22,133.73,160.49,0.78
253,3,237.27,405.15,133.97,159.82,0.77
254,3,237.05,405.80,130.78,155.67,0.81
255,3,236.30,406.72,131.02,155.80,0.83
256,3,237.37,409.07,128.49,152.60,0.77
257,3,237.78,407.86,128.96,155.04,0.74
258,3,238.60,407.42,129.85,156.02,0.74
259,3,236.91,404.55,128.91,155.83,0.82
260,3,232.27,395.45,135.27,161.89,0.73
261,3,224.05,384.23,155.22,205.57,0.80
262,3,213.48,371.71,170.18,198.89,0.91
263,3,202.96,359.78,179.36,190.95,0.87
264,3,193.70,350.69,185.52,185.10,0.92
265,3,184.39,342.14,192.30,180.18,0.91
266,3,178.28,330.47,197.40,178.30,0.92
267,3,170.89,321.66,204.38,172.27,0.90
268,3,166.20,316.59,209.55,163.94,0.92
269,3,164.49,312.29,209.53,158.84,0.89
270,3,166.56,304.18,206.12,157.72,0.88
271,3,167.54,299.43,204.63,149.97,0.85
272,3,165.43,297.99,205.25,143.76,0.89
273,3,167.99,297.73,200.82,141.64,0.87
274,3,176.38,298.50,186.45,148.47,0.85
275,3,175.68,297.53,183.53,160.87,0.87
276,3,175.47,302.40,185.83,164.90,0.85
277,3,173.44,301.24,190.65,176.25,0.89
278,3,172.72,307.24,194.42,176.72,0.92
279,3,175.76,314.96,193.87,174.22,0.87
280,3,181.60,319.33,189.66,174.50,0.89
281,3,184.52,322.31,188.01,175.87,0.89
282,3,188.26,323.44,184.07,180.93,0.91
283,3,192.32,325.17,181.91,188.01,0.89
284,3,199.14,331.63,177.12,187.47,0.84
285,3,203.65,336.11,173.34,186.50,0.85
286,3,209.95,346.31,169.30,180.16,0.79
287,3,218.25,353.48,163.83,179.65,0.88
288,3,227.28,361.35,158.50,177.46,0.88
289,3,236.54,373.50,152.58,173.29,0.89
290,3,242.44,382.60,148.50,171.70,0.90
291,3,249.14,390.47,143.75,169.79,0.89
292,3,253.39,398.55,139.44,167.09,0.86
293,3,256.75,408.03,136.67,160.76,0.83
294,3,258.44,414.01,134.46,157.75,0.87
295,3,260.21,418.65,133.80,160.09,0.88
296,3,262.04,424.82,134.35,160.32,0.90
297,3,261.89,431.56,137.35,157.79,0.87
298,3,262.39,436.50,139.18,157.55,0.89
299,3,261.79,443.45,142.59,155.50,0.88
300,3,261.47,449.81,147.19,153.44,0.88
301,3,261.93,455.27,150.26,152.73,0.89
302,3,262.02,459.07,144.92,139.16,0.85
303,3,263.28,460.09,150.17,138.92,0.84
304,3,264.36,463.71,154.03,136.86,0.84
305,3,266.67,468.20,158.12,141.62,0.82
306,3,272.69,473.02,155.12,142.06,0.87
307,3,278.25,480.62,151.27,142.29,0.85
308,3,285.57,489.25,145.14,145.08,0.83
309,3,293.57,501.53,136.13,144.17,0.79
310,3,295.69,515.24,134.19,137.88,0.72
325,4,333.00,485.00,93.00,143.00,0.77
326,4,334.60,485.00,90.60,141.40,0.70
327,4,334.13,485.77,90.91,138.00,0.76
328,4,333.20,486.03,92.57,136.87,0.79
329,4,330.69,486.84,94.57,136.63,0.79
330,4,329.88,486.36,94.49,136.62,0.78
331,4,330.35,486.17,93.69,135.95,0.78
332,4,329.88,486.10,94.06,135.76,0.77
333,4,329.74,486.06,94.17,135.03,0.77
334,4,329.72,486.05,94.19,134.80,0.77
335,4,329.74,486.04,94.18,134.74,0.79
336,4,329.10,486.03,95.50,134.75,0.77
337,4,328.88,486.03,95.98,135.44,0.77
338,4,328.81,486.02,96.15,135.04,0.77
339,4,328.80,486.69,96.19,134.24,0.80
340,4,328.15,487.60,96.85,131.96,0.81
341,4,326.60,487.94,97.75,131.12,0.81
342,4,325.37,488.72,98.73,130.16,0.83
343,4,324.92,488.34,99.08,129.83,0.79
344,4,324.12,487.52,100.52,128.40,0.77
345,4,320.56,487.20,104.32,126.56,0.78
346,4,313.39,489.09,110.92,119.21,0.78
347,4,304.91,495.25,109.61,105.58,0.65
348,4,295.06,496.07,95.94,95.07,0.80
349,4,282.38,490.58,89.72,93.12,0.84
350,4,262.32,480.40,99.25,95.37,0.84
351,4,257.37,468.73,92.15,99.65,0.83
352,4,250.45,440.56,87.15,114.60,0.75
353,4,239.33,409.38,88.79,131.45,0.88
354,4,226.87,379.06,91.38,151.82,0.87
355,4,217.16,349.77,91.71,175.34,0.87
356,4,207.17,323.33,103.10,197.71,0.89
357,4,201.60,305.85,111.05,205.19,0.89
358,4,203.43,295.29,104.12,195.69,0.85
359,4,202.81,291.03,99.76,171.47,0.77
360,4,210.84,292.94,92.10,140.65,0.51
361,4,212.83,296.02,88.52,110.62,0.77
423,5,560.00,282.00,120.00,124.00,0.76
427,6,609.00,281.00,105.00,117.00,0.80
428,6,613.80,284.20,108.20,105.00,0.64
456,6,579.03,281.00,106.00,93.01,0.59
458,6,553.68,282.55,119.59,74.93,0.67
459,6,543.42,282.87,110.62,66.90,0.60
540,7,313.00,301.00,119.00,138.00,0.81
541,7,319.40,325.80,113.40,161.20,0.87
542,7,332.39,358.89,96.65,161.79,0.87
543,7,337.25,405.53,89.79,132.45,0.88
544,7,324.49,454.58,116.62,97.64,0.76
545,7,309.50,472.50,147.20,108.23,0.74
546,7,301.40,487.12,169.07,112.91,0.85
547,7,301.09,494.22,178.81,122.07,0.74
548,7,306.84,501.46,173.61,127.46,0.68
549,7,321.77,510.60,166.11,134.26,0.64
550,7,337.64,501.62,155.44,157.85,0.77
551,7,355.84,499.01,147.51,169.74,0.63
552,7,368.69,520.48,151.57,164.53,0.58
553,7,377.27,522.75,154.92,178.35,0.56
554,7,388.27,548.13,150.83,162.08,0.62
555,7,400.99,565.10,144.30,148.85,0.60
556,7,410.28,576.17,138.27,141.81,0.56
575,8,794.00,612.00,58.00,44.00,0.75
576,8,794.80,608.80,54.00,44.80,0.70
