127,1,835.00,635.00,105.00,63.00,0.77
128,1,795.00,630.20,145.80,78.20,0.84
129,1,780.51,628.62,160.43,80.92,0.63
130,1,776.47,624.31,163.82,82.00,0.63
131,1,802.77,621.40,137.27,75.07,0.53
141,1,837.64,609.77,110.38,55.30,0.54
147,1,850.97,607.52,101.37,47.30,0.51
148,1,852.28,607.56,98.76,46.17,0.61
162,1,878.92,611.70,75.33,57.84,0.61
163,1,883.23,612.55,73.22,59.49,0.61
164,1,885.10,614.16,74.01,59.49,0.52
182,1,839.57,611.17,150.39,100.51,0.52
185,1,831.41,591.41,175.29,122.91,0.66
186,1,829.05,552.41,195.00,158.93,0.62
239,1,884.96,356.16,392.80,356.79,0.70
240,1,885.56,366.15,393.38,345.87,0.60
258,2,943.00,419.00,118.00,140.00,0.88
259,1,934.23,411.95,123.37,162.38,0.88
260,1,928.47,414.04,121.33,168.02,0.92
261,1,919.45,422.73,127.66,166.06,0.93
262,1,909.22,438.69,134.55,158.59,0.91
263,1,897.35,454.06,140.65,154.28,0.92
264,1,884.41,472.43,143.50,148.85,0.90
265,1,870.46,486.01,146.51,154.46,0.82
266,1,860.96,498.56,144.17,157.82,0.86
267,1,851.81,512.81,143.85,159.88,0.90
268,1,846.13,522.96,140.32,164.10,0.90
269,1,842.45,533.61,137.58,168.37,0.89
270,1,837.43,543.13,133.18,171.33,0.88
271,1,831.22,552.22,123.41,163.91,0.83
272,1,825.26,562.46,112.91,154.99,0.85
273,1,816.55,573.17,106.48,145.61,0.88
274,1,806.18,584.06,102.31,136.12,0.88
275,1,795.95,592.94,101.72,126.63,0.85
276,1,785.12,602.49,96.82,117.17,0.80
277,1,774.72,611.59,95.92,107.06,0.83
278,1,765.92,622.69,93.66,96.03,0.73
279,1,752.18,633.04,97.11,84.70,0.82
280,1,738.84,642.38,96.37,74.81,0.79
281,1,732.28,649.14,90.81,68.47,0.75
282,1,729.76,649.95,83.34,67.68,0.64
285,1,709.62,652.77,88.73,63.72,0.50
286,1,708.15,646.05,77.28,70.26,0.76
287,1,705.57,639.28,72.77,77.66,0.84
288,1,700.78,632.82,70.56,84.32,0.85
289,1,692.52,626.42,84.23,90.09,0.81
290,1,681.94,620.71,76.29,79.16,0.62
291,1,672.73,612.99,72.00,72.86,0.54
295,1,642.74,596.16,74.63,73.08,0.61
296,1,637.67,591.77,77.03,73.00,0.51
297,1,632.65,586.97,81.12,76.31,0.61
308,3,705.00,531.00,160.00,156.00,0.90
309,3,730.60,524.60,155.20,148.00,0.90
310,3,762.04,518.64,148.04,140.16,0.91
311,3,798.60,511.93,133.72,131.24,0.89
312,3,825.27,507.89,125.97,124.28,0.90
313,3,843.10,506.95,121.10,117.24,0.88
314,3,855.54,510.63,122.96,107.20,0.86
315,3,866.67,514.24,123.03,96.96,0.86
316,3,873.09,516.96,126.78,85.23,0.87
317,3,881.57,522.39,125.49,68.48,0.86
318,3,887.28,520.76,127.87,60.37,0.85
319,3,892.89,515.59,127.45,57.15,0.84
320,3,907.82,509.64,115.93,48.97,0.72
321,3,913.92,502.42,113.07,41.72,0.67
322,3,914.28,489.48,115.60,40.31,0.78
323,3,920.84,474.89,108.50,42.30,0.74
325,3,935.82,442.99,83.52,33.83,0.61
326,3,940.94,421.29,79.41,35.25,0.58
327,3,953.15,398.16,63.27,41.14,0.51
328,3,957.29,376.46,54.16,49.60,0.72
329,3,958.79,352.07,58.05,60.30,0.84
330,3,962.88,336.13,55.47,62.98,0.80
502,4,659.00,289.00,253.00,107.00,0.72
503,4,643.80,291.40,262.60,119.80,0.73
504,4,627.20,294.82,270.52,128.12,0.75
506,4,608.70,334.60,266.96,129.36,0.83
507,4,613.78,327.20,247.86,170.06,0.90
508,4,637.72,319.09,208.96,204.72,0.80
509,4,651.32,314.06,191.38,226.67,0.83
510,4,655.93,317.04,191.26,239.38,0.80
511,4,650.81,330.49,196.51,238.63,0.87
512,4,646.17,346.64,202.79,237.00,0.90
513,4,643.06,363.74,206.66,230.15,0.89
514,4,641.20,376.10,206.29,228.22,0.82
515,4,639.13,385.16,202.95,225.22,0.76
516,4,634.97,391.64,205.93,222.41,0.84
517,4,630.80,397.10,210.44,217.77,0.86
518,4,627.95,401.51,214.19,211.75,0.86
519,4,625.59,404.85,217.64,208.57,0.85
520,4,624.74,405.17,217.02,207.89,0.87
521,4,625.14,405.05,216.14,208.18,0.88
522,4,624.01,405.44,217.16,207.54,0.88
523,4,622.31,405.38,218.22,206.53,0.87
524,4,621.05,407.16,218.64,205.41,0.88
525,4,619.29,409.00,218.80,203.60,0.88
526,4,618.68,410.86,219.54,202.20,0.86
527,4,616.51,412.75,221.14,201.64,0.89
528,4,615.08,415.98,222.40,199.41,0.86
529,4,613.27,418.40,223.53,197.22,0.86
530,4,613.29,420.50,223.29,197.72,0.86
531,4,614.00,423.17,221.87,198.57,0.87
532,4,614.32,426.70,220.66,197.57,0.87
533,4,614.48,431.23,218.22,197.85,0.87
534,4,615.24,439.44,216.64,195.97,0.89
535,4,614.89,447.72,215.40,194.60,0.88
536,4,616.77,453.99,209.64,197.41,0.78
537,4,619.51,460.80,198.78,201.10,0.74
539,4,618.90,480.99,173.90,194.91,0.64
541,4,611.84,506.41,119.63,121.20,0.62
542,4,608.21,522.88,102.66,94.36,0.54
543,4,605.06,536.67,142.95,146.02,0.68
544,4,603.87,546.78,168.50,158.85,0.54
545,4,606.61,554.97,169.18,158.92,0.52
546,4,610.62,563.56,163.19,153.38,0.53
547,4,619.58,572.37,167.09,144.98,0.75
548,4,636.56,580.59,152.27,129.51,0.59
549,4,663.69,584.41,139.24,112.46,0.74
551,4,726.42,575.44,100.79,93.61,0.62
552,4,760.54,563.43,79.62,94.03,0.67
553,4,786.79,551.66,60.33,79.52,0.56
