51,1,565.00,581.00,83.00,132.00,0.72
52,1,569.00,582.60,80.60,128.80,0.74
53,1,576.78,587.57,77.02,123.52,0.69
54,1,587.29,594.77,67.87,112.23,0.70
55,1,598.81,608.57,67.87,103.64,0.58
56,1,610.00,620.67,64.94,93.07,0.57
86,2,628.00,608.00,105.00,106.00,0.82
87,2,624.80,589.60,110.60,120.40,0.75
88,2,624.95,574.38,117.72,131.19,0.75
89,2,624.26,552.68,201.58,143.95,0.73
90,2,625.12,530.61,229.17,155.96,0.64
91,2,628.61,520.12,174.12,160.82,0.71
92,2,633.18,502.20,196.50,170.22,0.69
93,2,637.18,490.58,169.91,176.16,0.68
94,2,639.52,483.35,147.81,177.52,0.67
95,2,641.70,479.84,139.22,177.04,0.69
96,2,646.53,479.70,121.41,173.28,0.83
97,2,650.33,480.87,111.30,165.60,0.80
98,2,653.64,481.20,107.75,163.72,0.81
99,2,655.37,476.33,108.62,164.90,0.75
100,2,657.94,470.17,104.82,165.90,0.73
101,2,660.12,464.83,103.41,168.80,0.77
102,2,660.80,461.10,102.24,169.17,0.76
103,2,662.98,458.66,103.20,173.14,0.68
104,2,667.06,457.30,104.92,175.22,0.67
105,2,673.15,458.32,102.92,176.59,0.68
106,2,682.06,457.64,98.13,180.28,0.76
107,2,689.99,458.84,93.65,178.37,0.74
108,2,693.37,464.12,93.44,175.54,0.66
109,2,697.15,466.29,93.41,176.36,0.71
110,2,699.72,464.58,92.78,178.59,0.80
110,3,857.00,613.00,102.00,76.00,0.82
111,2,701.84,467.29,91.24,176.11,0.79
111,3,853.80,609.80,102.80,76.80,0.61
113,2,702.59,454.67,198.24,179.39,0.58
114,2,699.25,450.10,147.82,178.53,0.64
115,2,687.89,446.52,116.87,175.57,0.65
116,2,669.81,438.64,111.77,177.78,0.75
117,2,650.66,443.04,116.10,171.35,0.67
118,2,628.78,441.55,121.48,170.90,0.75
119,2,605.51,444.41,129.13,168.09,0.85
120,2,579.31,450.92,140.21,162.39,0.86
121,2,563.96,464.90,142.64,149.51,0.87
122,2,549.76,474.96,143.30,140.68,0.90
123,2,536.13,483.98,147.78,135.64,0.88
124,2,527.25,492.56,150.01,131.26,0.86
125,2,522.18,497.53,151.32,129.18,0.92
126,2,519.27,499.82,151.63,129.29,0.92
127,2,520.43,501.85,150.27,129.45,0.91
128,2,523.21,501.09,148.25,131.65,0.90
129,2,526.57,498.70,147.31,133.21,0.87
130,2,530.07,496.36,145.51,135.86,0.88
131,2,533.63,494.75,144.70,136.90,0.86
132,2,535.82,492.75,143.64,138.66,0.85
133,2,538.13,491.95,143.15,139.35,0.87
134,2,539.78,490.95,144.22,139.63,0.85
135,2,541.16,491.20,143.26,139.10,0.82
136,2,541.78,490.61,143.49,139.57,0.88
137,2,542.73,491.03,142.22,139.10,0.90
138,2,545.14,491.17,140.36,138.93,0.91
139,2,546.77,491.20,138.97,138.88,0.91
140,2,549.40,491.20,137.76,138.21,0.89
141,2,552.40,491.18,136.63,138.63,0.90
142,2,555.52,492.49,134.88,138.14,0.87
143,2,558.69,494.95,133.55,136.64,0.87
144,2,561.84,495.86,132.40,136.08,0.87
144,4,957.00,275.00,217.00,137.00,0.90
145,2,564.32,497.51,129.99,135.89,0.80
145,4,936.20,275.80,221.00,168.20,0.91
146,2,565.86,497.43,127.76,138.48,0.85
146,4,915.36,273.78,238.62,205.48,0.91
147,2,566.38,497.38,126.97,139.46,0.85
147,4,899.99,282.42,231.30,228.25,0.91
148,2,565.86,497.34,128.04,140.50,0.88
148,4,893.31,327.41,212.93,209.24,0.83
149,2,565.63,497.96,131.13,139.57,0.88
149,4,885.27,386.10,196.29,182.28,0.88
150,2,565.51,499.49,132.95,139.87,0.86
150,4,874.41,419.90,174.21,176.97,0.85
151,2,566.09,500.05,133.00,141.30,0.90
151,4,855.83,440.11,160.16,173.80,0.86
152,2,567.60,503.52,129.71,138.55,0.85
152,4,822.40,460.06,157.15,162.24,0.74
153,2,568.80,508.81,127.13,142.14,0.77
153,4,779.29,476.36,156.55,155.21,0.65
154,2,569.89,513.35,121.51,142.81,0.77
154,4,733.84,499.20,160.24,136.06,0.83
155,2,568.90,520.30,126.21,135.17,0.60
155,4,692.77,517.22,168.62,127.99,0.73
156,4,633.96,520.78,203.21,129.20,0.71
157,4,570.55,524.26,244.27,136.67,0.82
158,4,539.05,527.78,257.39,135.36,0.84
159,4,571.19,529.59,212.81,134.34,0.76
160,4,589.53,528.34,185.03,137.45,0.73
161,4,587.47,524.89,178.75,139.30,0.75
162,4,578.34,551.06,180.72,106.88,0.76
163,4,567.00,564.15,177.44,84.96,0.81
164,4,557.74,570.43,175.55,74.09,0.77
165,4,553.80,574.80,166.14,67.56,0.76
166,4,546.57,576.36,162.68,67.53,0.73
167,4,539.84,574.50,156.76,72.72,0.68
170,2,548.41,528.34,248.18,103.45,0.69
171,2,547.11,534.36,250.17,95.03,0.56
172,2,547.20,538.77,247.23,82.84,0.64
173,2,543.51,541.63,250.76,95.86,0.78
174,2,532.64,538.61,260.20,106.22,0.52
175,2,522.12,532.82,265.02,116.13,0.52
213,5,378.00,169.00,134.00,319.00,0.76
214,5,365.20,202.60,170.00,323.80,0.90
215,5,354.38,242.79,209.14,319.35,0.92
216,5,346.04,292.34,248.87,307.68,0.93
217,5,337.66,342.91,287.70,285.89,0.91
218,5,346.82,392.09,303.13,271.98,0.90
219,5,361.29,441.69,309.41,233.47,0.87
220,5,384.66,474.08,299.34,192.15,0.90
221,5,416.42,491.14,275.73,174.47,0.91
222,5,447.65,499.77,255.16,165.95,0.91
223,5,461.83,507.03,247.42,161.28,0.86
224,5,475.45,516.94,236.87,157.64,0.85
225,5,482.15,529.96,231.85,144.88,0.87
226,5,485.58,544.64,233.84,141.49,0.86
227,5,501.20,573.00,219.13,131.50,0.83
247,2,684.95,649.99,128.06,66.02,0.76
248,2,650.94,633.30,147.97,82.82,0.74
250,2,609.78,608.40,184.80,108.43,0.62
251,2,608.80,602.79,184.94,113.95,0.77
252,2,583.14,591.12,204.45,124.97,0.65
253,2,553.87,579.73,245.63,134.85,0.70
254,2,590.47,560.91,213.71,154.33,0.73
255,2,607.71,556.47,200.17,159.65,0.82
256,2,612.99,558.77,194.25,157.13,0.85
257,2,612.49,563.97,193.85,151.86,0.85
258,2,615.81,572.18,180.26,143.64,0.83
259,2,620.16,573.04,170.59,140.15,0.80
260,2,613.70,566.28,192.32,149.24,0.81
261,2,626.77,558.70,183.83,157.04,0.79
262,2,641.86,552.02,171.97,163.81,0.79
263,2,651.02,547.62,175.55,167.62,0.77
264,2,658.22,546.06,174.15,168.31,0.79
265,2,663.54,546.30,172.25,167.74,0.84
266,2,669.44,546.57,168.18,166.70,0.83
267,2,674.87,546.18,168.65,168.10,0.80
268,2,645.49,544.21,201.44,167.23,0.81
269,2,670.98,539.66,182.82,166.75,0.65
270,2,693.78,534.12,164.04,169.74,0.70
271,2,705.55,531.47,154.91,175.36,0.67
272,2,713.62,529.91,148.33,172.26,0.73
273,2,716.28,528.82,148.79,167.61,0.59
274,2,719.76,527.89,149.02,175.02,0.72
275,2,721.52,527.60,149.17,177.07,0.67
276,2,723.31,526.30,147.95,177.13,0.70
277,2,724.46,527.87,130.12,175.10,0.73
278,2,721.72,527.26,133.98,178.85,0.62
279,2,720.16,527.08,136.58,180.87,0.69
280,2,702.13,527.74,160.98,182.88,0.68
281,2,716.94,526.75,145.34,149.65,0.67
282,2,722.12,527.23,137.62,130.18,0.77
283,2,721.90,526.73,134.85,125.32,0.78
284,2,716.38,526.60,123.12,123.15,0.80
285,2,712.14,526.59,126.45,123.95,0.73
286,2,706.01,526.62,130.27,123.00,0.77
287,2,697.78,528.03,135.06,120.75,0.80
288,2,687.49,530.62,117.22,119.38,0.78
289,2,677.93,534.28,126.90,130.53,0.65
290,2,645.32,536.88,184.31,146.16,0.63
291,2,623.72,539.76,215.56,152.82,0.63
292,2,606.92,542.18,234.55,159.95,0.75
293,2,598.71,547.57,239.46,162.70,0.55
294,2,590.66,552.23,221.85,162.42,0.53
295,2,581.37,559.83,191.94,155.73,0.57
301,2,534.44,593.68,106.74,121.73,0.57
333,6,637.00,553.00,238.00,163.00,0.71
334,6,638.60,552.20,239.60,163.80,0.66
335,6,637.37,552.82,238.37,163.18,0.70
336,6,633.84,557.70,225.49,158.30,0.60
337,6,630.48,559.95,223.88,155.29,0.59
425,7,992.00,282.00,82.00,78.00,0.76
427,8,948.00,289.00,132.00,127.00,0.77
428,8,931.20,281.00,161.60,156.60,0.72
429,8,956.99,281.00,151.80,173.42,0.85
430,8,1012.24,281.00,122.28,190.02,0.90
431,8,1093.44,283.05,76.83,190.38,0.66
432,8,1069.45,278.35,158.09,192.50,0.84
433,8,1071.97,275.23,191.43,182.77,0.71
434,8,1077.81,272.71,201.38,166.24,0.57
435,8,1079.66,273.26,211.89,157.81,0.57
437,8,1085.38,272.63,208.51,147.25,0.60
438,8,1087.24,273.29,198.74,142.39,0.55
577,9,660.00,7.00,618.00,339.00,0.70
587,10,510.00,32.00,390.00,367.00,0.70
588,10,513.20,36.00,402.00,371.00,0.51
591,10,470.50,28.43,435.06,443.87,0.57
592,10,439.85,56.71,439.64,445.35,0.53
593,10,529.25,143.94,306.03,312.02,0.79
594,10,551.50,239.90,248.65,246.96,0.75
595,10,565.51,331.08,229.84,208.50,0.67
596,10,402.64,329.86,411.84,349.60,0.78
597,10,383.79,368.26,440.19,355.41,0.84
598,10,417.51,396.82,433.44,340.58,0.90
599,10,475.59,414.61,410.48,324.47,0.92
600,10,537.80,420.35,398.45,315.60,0.89
601,10,596.27,417.89,383.95,315.89,0.92
601,11,898.00,5.00,381.00,602.00,0.81
602,10,638.44,410.05,364.37,321.67,0.80
602,11,898.00,5.00,381.00,602.00,0.84
603,10,658.75,405.56,350.82,324.93,0.83
603,11,898.00,5.00,381.00,602.00,0.85
604,10,642.76,404.93,371.49,323.29,0.81
604,11,896.44,5.00,382.56,602.00,0.88
605,10,604.51,405.19,409.37,321.05,0.84
605,11,895.96,3.50,383.04,608.75,0.85
606,10,553.10,402.66,456.67,321.95,0.79
606,11,895.83,2.29,383.17,613.11,0.83
607,10,497.75,393.95,506.43,328.70,0.88
607,11,892.29,1.90,386.71,596.97,0.62
608,10,446.27,376.55,562.18,344.18,0.79
608,11,880.02,0.39,398.98,559.55,0.62
609,10,392.92,343.87,611.01,376.39,0.50
609,11,837.26,-0.11,441.74,501.75,0.62
610,10,363.79,336.18,614.13,383.69,0.74
610,11,783.57,-0.23,495.43,414.27,0.70
611,10,301.44,273.29,642.56,447.78,0.82
612,10,280.37,227.56,629.54,465.97,0.76
613,10,260.68,169.35,621.13,434.80,0.87
614,10,249.90,103.08,608.10,381.56,0.91
615,10,241.37,40.08,601.03,339.86,0.85
616,10,251.24,7.35,549.49,299.15,0.75
617,10,270.65,-2.91,493.22,258.62,0.54
618,10,297.45,-4.88,452.81,231.36,0.65
619,10,312.98,-5.19,437.33,219.53,0.68
620,10,320.64,-4.66,434.95,223.49,0.82
621,10,320.09,-3.48,444.57,230.63,0.80
622,10,312.60,-2.69,463.65,244.36,0.52
623,10,310.55,-2.16,478.75,262.12,0.61
624,10,319.70,-1.76,481.27,284.51,0.69
625,10,324.68,-2.09,492.73,305.93,0.80
626,10,332.48,-1.41,498.32,325.13,0.83
627,10,342.04,-0.97,499.71,342.79,0.85
628,10,348.98,-0.66,504.08,356.61,0.86
629,10,350.91,-1.66,510.23,377.77,0.88
630,10,338.51,1.18,521.63,416.16,0.91
631,10,311.60,10.40,623.50,521.62,0.76
632,10,288.25,53.48,657.39,592.69,0.74
635,10,345.31,337.05,538.99,371.97,0.64
636,10,389.66,453.81,454.91,262.37,0.62
637,10,431.44,529.37,454.47,188.21,0.61
639,12,810.00,624.00,98.00,70.00,0.77
679,13,509.00,616.00,166.00,101.00,0.71
