55,1,529.00,386.00,61.00,149.00,0.77
56,1,534.60,384.40,61.00,152.20,0.73
57,1,539.53,383.33,62.54,153.58,0.73
58,1,545.03,381.42,66.13,154.05,0.84
59,1,549.60,379.35,68.71,157.14,0.87
60,1,553.83,377.29,67.43,156.70,0.87
61,1,557.23,376.63,66.12,155.78,0.88
62,1,560.32,376.47,64.90,157.48,0.88
63,1,562.63,376.47,65.11,158.75,0.86
64,1,565.36,375.84,64.49,157.84,0.87
65,1,566.88,374.98,63.57,158.14,0.88
66,1,569.32,375.36,61.86,156.89,0.88
67,1,570.07,376.21,61.91,155.06,0.88
68,1,570.92,376.56,63.27,154.36,0.87
69,1,571.14,376.71,63.77,154.10,0.88
70,1,570.46,376.79,65.29,154.01,0.88
71,1,570.79,376.16,65.20,151.98,0.89
72,1,568.86,376.61,68.45,150.56,0.88
73,1,567.46,376.79,70.30,150.04,0.89
74,1,566.86,376.86,71.65,149.86,0.88
75,1,566.60,378.23,71.50,149.81,0.89
76,1,566.46,378.74,71.41,149.81,0.89
77,1,567.03,379.60,70.70,149.16,0.89
78,1,566.57,379.92,71.72,148.93,0.89
79,1,567.03,380.03,70.78,148.86,0.89
80,1,566.52,380.07,71.05,148.84,0.89
81,1,567.63,380.08,69.17,148.85,0.88
82,1,570.03,380.07,67.77,148.86,0.85
83,1,571.58,381.39,69.24,146.89,0.85
84,1,572.13,383.88,69.78,146.16,0.84
85,1,572.96,386.12,68.67,146.57,0.87
86,1,574.57,387.60,68.24,146.73,0.89
87,1,575.15,389.46,68.07,147.47,0.90
88,1,574.67,390.13,67.35,147.76,0.90
89,1,574.45,391.66,66.41,148.53,0.90
90,1,574.34,392.87,66.07,147.51,0.89
91,1,574.28,394.61,65.95,145.80,0.90
92,1,574.24,396.56,65.91,145.16,0.89
93,1,574.21,397.24,65.91,144.94,0.90
94,1,575.51,398.12,65.91,144.20,0.90
95,1,576.65,399.07,65.26,143.28,0.90
96,1,577.06,399.38,65.02,142.95,0.90
97,1,577.19,401.45,64.93,142.17,0.90
98,1,577.22,402.85,64.91,141.90,0.90
99,1,577.22,403.33,64.91,141.82,0.90
100,1,575.87,404.13,64.92,141.14,0.90
101,1,575.35,405.72,64.26,141.56,0.90
102,1,574.49,406.94,65.35,143.72,0.89
103,1,574.16,408.68,65.76,145.86,0.88
104,1,574.04,410.61,65.92,145.36,0.87
105,1,574.00,411.30,65.98,145.16,0.86
106,1,573.32,414.15,67.32,143.76,0.85
107,1,573.07,415.84,67.82,143.23,0.84
108,1,572.98,417.75,68.01,143.03,0.84
109,1,572.95,418.41,68.07,142.96,0.84
110,1,570.97,418.61,69.40,142.94,0.86
111,1,570.23,418.63,69.25,143.60,0.87
112,1,569.95,419.25,69.17,143.19,0.88
113,1,569.86,420.77,69.79,142.38,0.88
114,1,569.84,421.29,70.02,142.08,0.88
115,1,569.85,422.11,70.10,141.30,0.88
116,1,571.83,422.38,68.80,141.02,0.88
117,1,571.94,423.11,69.62,140.26,0.87
118,1,573.29,422.68,67.95,140.65,0.88
119,1,575.14,422.49,67.30,140.81,0.88
120,1,577.15,423.05,67.07,139.55,0.89
121,1,579.22,421.24,65.65,140.41,0.89
122,1,580.64,419.89,66.46,141.40,0.89
123,1,583.13,418.04,66.11,143.10,0.89
124,1,586.03,416.03,65.98,147.69,0.88
125,1,589.07,412.66,65.27,150.06,0.87
126,1,591.49,410.72,65.68,145.09,0.88
127,1,594.99,408.67,66.50,139.78,0.89
128,1,598.23,407.27,66.16,134.44,0.87
129,1,600.05,406.79,68.68,123.72,0.78
130,1,603.94,405.28,70.26,114.98,0.80
132,1,611.94,401.17,74.00,91.84,0.65
133,1,614.86,400.41,74.78,74.08,0.60
134,1,620.45,401.09,75.05,61.37,0.52
135,1,627.06,396.76,75.15,63.52,0.51
138,1,631.18,391.28,91.04,122.36,0.84
139,1,633.40,386.79,95.98,134.46,0.85
140,1,638.62,384.23,96.00,143.21,0.88
141,1,644.45,383.25,96.58,144.84,0.83
142,1,649.83,382.38,95.46,142.61,0.78
143,1,653.75,380.28,96.92,140.04,0.82
144,1,659.67,378.29,97.43,138.04,0.86
145,1,663.78,376.33,96.94,136.31,0.86
146,1,665.88,375.68,97.35,134.06,0.84
147,1,666.55,372.95,100.74,133.54,0.72
148,1,668.65,372.64,101.35,131.83,0.82
149,1,670.64,371.34,102.19,130.28,0.82
150,1,673.24,370.28,102.47,130.15,0.82
151,1,674.78,370.62,101.88,129.30,0.83
152,1,676.57,370.85,101.61,128.18,0.79
153,1,677.14,371.01,102.13,127.62,0.77
154,1,677.26,370.49,102.96,127.97,0.72
155,1,677.87,371.00,103.25,126.70,0.74
156,1,679.33,371.26,103.33,126.79,0.77
157,1,679.15,370.74,103.99,128.09,0.79
158,1,679.01,370.58,104.22,128.52,0.80
159,1,678.89,370.55,104.94,129.29,0.77
160,1,678.13,369.92,103.88,130.85,0.72
161,1,677.78,371.02,103.44,131.40,0.72
162,1,676.95,371.47,103.27,131.56,0.66
163,1,677.26,372.32,102.53,130.26,0.77
164,1,676.02,373.32,103.56,129.05,0.81
165,1,674.87,373.71,103.94,129.23,0.84
166,1,675.07,373.86,103.42,131.25,0.81
167,1,675.14,373.92,103.21,133.31,0.84
168,1,674.49,374.60,103.78,132.10,0.85
169,1,674.23,375.53,103.99,130.94,0.85
170,1,674.79,375.22,104.06,132.46,0.81
171,1,675.65,375.10,103.42,134.33,0.79
172,1,675.97,376.36,104.50,131.74,0.83
173,1,676.74,377.51,105.56,129.38,0.83
174,1,677.68,378.59,107.26,129.82,0.81
175,1,678.68,377.67,108.55,129.97,0.78
176,1,679.70,376.64,109.69,130.69,0.79
177,1,681.38,376.25,110.75,130.96,0.76
178,1,683.32,376.10,111.14,131.05,0.74
179,1,685.34,375.38,111.26,131.74,0.80
180,1,685.43,375.10,111.94,131.33,0.75
181,1,685.43,374.34,112.18,129.19,0.70
182,1,685.40,374.73,112.25,127.04,0.64
183,1,685.36,374.87,112.91,125.57,0.58
194,1,680.39,374.92,105.23,120.13,0.56
196,1,675.95,375.72,102.52,118.36,0.71
199,1,663.61,379.30,89.17,118.03,0.65
216,2,500.00,461.00,44.00,108.00,0.77
217,2,493.60,461.80,40.80,107.20,0.60
219,2,477.57,466.49,42.80,108.82,0.64
220,2,472.70,468.78,43.13,106.84,0.72
221,2,468.50,471.62,41.77,106.18,0.81
222,2,465.95,475.33,40.54,105.25,0.73
223,2,463.22,476.53,40.82,108.44,0.77
224,2,461.74,478.91,42.29,106.86,0.80
225,2,460.67,483.09,40.82,106.26,0.70
226,2,459.82,487.90,41.60,106.04,0.52
227,2,458.94,493.60,42.56,105.96,0.55
230,2,455.24,513.26,47.21,105.12,0.58
232,2,458.01,529.92,49.48,101.82,0.51
233,2,460.22,539.15,49.88,98.39,0.79
234,2,462.36,546.28,50.68,99.93,0.78
235,2,463.85,555.35,52.93,98.50,0.78
237,2,472.23,574.96,53.85,96.42,0.75
238,2,478.28,588.07,55.30,94.02,0.80
239,2,484.34,601.93,55.82,84.43,0.68
