341,1,578.00,330.00,151.00,82.00,0.73
342,1,581.20,330.80,152.60,99.60,0.67
343,1,590.26,331.67,151.37,122.28,0.71
344,1,601.90,337.39,151.74,149.33,0.84
345,1,564.78,334.68,201.35,191.20,0.88
346,1,565.01,334.69,210.52,237.17,0.88
347,1,559.30,338.15,223.50,286.34,0.78
348,1,550.18,364.01,239.02,312.49,0.90
349,1,535.32,407.34,255.53,301.73,0.91
350,1,510.05,463.26,257.39,260.87,0.90
351,1,422.11,493.64,314.79,231.95,0.56
375,2,555.00,331.00,180.00,131.00,0.81
376,2,551.80,331.80,211.20,153.40,0.90
377,2,559.99,333.41,222.02,177.24,0.86
378,2,569.02,343.83,243.87,196.17,0.88
379,2,577.58,387.93,266.60,183.89,0.82
380,2,583.24,453.37,272.04,144.28,0.78
381,2,585.09,520.65,272.66,99.10,0.70
383,2,593.09,571.93,229.24,122.38,0.63
384,2,599.91,591.38,194.53,128.93,0.72
385,2,606.03,619.71,168.34,109.08,0.58
386,2,595.40,575.66,160.21,151.06,0.64
387,2,594.94,562.15,152.31,165.61,0.84
388,2,593.11,552.91,142.39,172.86,0.84
389,2,596.67,547.76,133.23,175.45,0.81
391,2,634.48,630.87,86.23,93.49,0.51
393,2,635.45,654.89,76.47,64.48,0.50
394,2,632.91,658.32,75.20,59.45,0.52
412,3,397.00,526.00,390.00,159.00,0.71
413,3,408.20,510.00,367.60,186.20,0.80
414,3,438.67,490.98,342.00,218.23,0.92
415,3,451.43,461.47,344.59,252.04,0.93
416,3,462.78,434.99,347.27,279.24,0.91
417,3,480.33,412.06,304.63,301.54,0.89
418,3,500.94,396.47,306.96,311.58,0.81
419,3,519.76,385.24,268.56,306.27,0.84
420,3,536.78,374.54,287.24,315.96,0.85
421,3,549.66,361.90,295.37,321.81,0.85
422,3,562.45,344.04,264.79,322.20,0.85
423,3,569.40,331.18,256.51,311.99,0.71
424,3,568.47,325.63,276.40,310.53,0.83
425,3,570.77,324.71,273.21,299.79,0.87
426,3,570.94,325.77,262.82,276.56,0.87
427,3,572.50,327.00,221.66,189.66,0.64
428,3,617.84,333.35,139.47,117.48,0.55
428,4,658.00,436.00,148.00,120.00,0.75
429,4,639.60,414.40,157.60,126.40,0.87
430,4,636.13,397.42,157.15,135.19,0.91
431,4,634.90,387.71,155.44,141.27,0.88
432,4,630.12,381.25,158.67,144.56,0.89
433,4,626.48,373.12,164.04,148.97,0.90
434,4,624.62,367.79,169.34,147.65,0.88
435,4,619.99,366.23,178.65,146.23,0.87
436,4,613.08,366.00,187.98,145.55,0.85
437,4,593.60,352.08,207.71,160.65,0.80
438,4,577.96,336.15,219.66,175.74,0.90
439,4,567.99,330.64,226.81,176.58,0.87
440,4,572.52,328.82,223.68,173.38,0.86
441,4,573.38,329.12,224.03,169.28,0.87
442,4,573.90,329.53,225.27,167.55,0.86
443,4,576.23,329.91,223.61,166.78,0.86
444,4,577.32,330.26,222.76,167.04,0.87
445,4,575.27,330.58,226.86,167.72,0.83
446,4,575.90,331.52,223.10,168.56,0.84
447,4,573.66,331.36,227.37,168.15,0.83
448,4,564.43,330.77,238.01,172.53,0.86
449,4,562.27,331.94,236.85,176.09,0.88
450,4,557.66,331.18,235.54,175.44,0.86
451,4,543.58,332.30,252.59,174.45,0.86
452,4,533.90,331.49,263.38,170.71,0.87
453,4,531.49,331.93,265.60,167.89,0.88
454,4,530.11,332.16,266.26,166.81,0.87
455,4,530.40,331.63,267.64,167.71,0.86
456,4,531.97,331.48,268.66,168.03,0.84
457,4,532.72,331.46,271.51,166.82,0.84
458,4,533.13,330.84,271.83,165.68,0.77
459,4,533.40,329.98,272.46,165.91,0.85
460,4,530.34,329.03,275.19,166.66,0.84
461,4,527.95,330.02,274.82,168.92,0.89
462,4,525.82,330.43,275.22,173.05,0.85
463,4,525.10,329.95,271.99,175.91,0.85
464,4,522.94,328.48,269.99,184.81,0.88
465,4,522.22,328.58,265.86,192.67,0.88
466,4,523.36,328.00,265.57,198.89,0.89
467,4,531.80,328.43,262.79,199.32,0.86
468,4,540.37,329.93,264.36,193.53,0.81
469,4,554.81,329.21,262.96,195.77,0.88
470,4,569.54,329.61,253.80,193.29,0.82
471,4,588.44,330.43,236.88,186.99,0.86
472,4,617.18,335.42,208.06,172.54,0.88
473,4,637.17,335.26,189.26,159.53,0.86
515,5,251.00,370.00,115.00,78.00,0.77
516,5,245.40,396.40,127.80,65.20,0.78
517,5,245.10,427.01,126.46,49.57,0.59
518,5,243.45,452.83,129.82,55.41,0.74
519,5,242.20,472.37,130.18,64.47,0.64
520,5,241.82,490.15,128.11,74.50,0.70
521,5,240.32,507.98,125.23,80.28,0.80
522,5,240.52,525.81,120.73,84.35,0.72
523,5,239.25,546.25,117.06,82.58,0.69
525,5,245.87,585.37,101.32,66.68,0.64
526,5,251.74,600.86,95.42,55.15,0.66
527,5,248.58,606.86,101.43,46.73,0.60
528,5,237.47,609.78,112.13,47.44,0.65
529,5,229.48,612.08,118.71,48.34,0.62
530,5,227.02,614.41,116.78,51.55,0.58
531,5,225.52,616.97,123.84,53.40,0.70
532,5,226.93,618.14,111.66,49.49,0.65
533,5,228.39,615.09,103.12,48.74,0.59
534,5,220.77,616.53,104.86,52.61,0.64
535,5,216.15,622.24,102.14,63.79,0.67
536,5,221.27,633.66,95.06,68.54,0.76
537,5,229.54,645.74,88.34,68.02,0.70
538,5,239.52,663.23,86.03,54.20,0.59
571,6,238.00,361.00,100.00,83.00,0.83
572,6,238.00,391.40,114.40,74.20,0.87
573,7,246.00,457.00,125.00,52.00,0.73
574,8,267.00,499.00,115.00,77.00,0.82
575,8,298.20,525.40,91.80,106.60,0.82
576,8,345.05,554.82,57.32,123.45,0.71
577,8,373.77,592.44,55.17,115.56,0.57
578,8,385.94,629.03,47.59,82.42,0.58
579,8,383.30,651.10,49.06,64.64,0.57
586,9,215.00,594.00,159.00,124.00,0.77
587,9,214.20,613.20,164.60,102.40,0.67
588,9,213.29,613.04,161.86,102.07,0.55
590,9,211.98,616.62,162.74,99.26,0.62
591,9,210.26,621.71,157.22,93.56,0.81
592,9,205.44,626.17,145.35,90.38,0.67
635,6,207.01,366.00,125.00,49.00,0.56
636,6,206.15,388.56,131.20,65.09,0.86
637,6,212.53,411.69,130.74,86.78,0.88
638,6,228.62,434.52,118.28,118.64,0.85
667,10,215.00,358.00,76.00,102.00,0.75
668,10,207.00,359.60,86.40,110.00,0.85
669,10,205.52,379.45,95.71,101.73,0.87
670,10,212.90,416.06,97.75,83.61,0.82
671,10,224.31,456.73,95.29,60.75,0.69
672,10,236.79,490.09,92.75,53.97,0.53
673,10,254.98,510.01,84.03,72.53,0.56
674,10,277.56,524.44,70.76,93.02,0.71
675,10,297.94,538.85,52.87,113.88,0.84
676,10,306.96,557.49,63.05,127.04,0.84
677,10,310.24,581.63,88.59,130.76,0.86
678,10,311.93,612.66,109.71,111.44,0.82
679,10,314.59,645.24,141.65,81.65,0.75
721,11,221.00,355.00,57.00,108.00,0.71
722,11,221.00,351.00,65.00,132.00,0.84
723,11,230.59,387.76,69.43,117.58,0.89
724,11,254.78,450.09,68.14,87.97,0.71
726,12,334.00,572.00,56.00,48.00,0.70
728,13,377.00,637.00,184.00,79.00,0.78
729,13,366.60,641.80,200.80,73.40,0.62
771,14,245.00,395.00,71.00,93.00,0.76
772,14,255.40,432.60,74.20,70.60,0.78
774,15,314.00,498.00,66.00,94.00,0.71
775,15,346.80,512.40,56.40,115.60,0.82
776,16,387.00,542.00,80.00,133.00,0.77
778,13,456.98,600.01,129.02,95.00,0.63
