66,1,455.00,632.00,75.00,85.00,0.82
67,1,457.40,622.40,78.20,93.80,0.81
68,1,459.38,615.39,85.65,99.92,0.86
69,1,461.54,609.86,94.16,105.86,0.88
70,1,469.25,605.27,99.12,109.91,0.88
71,1,476.85,601.74,102.72,113.94,0.90
72,1,482.27,598.60,107.86,116.60,0.91
73,1,487.47,596.25,110.29,118.77,0.90
74,1,493.24,593.54,112.33,119.43,0.86
75,1,496.61,591.34,116.84,119.54,0.84
76,1,503.57,590.64,117.17,122.08,0.86
77,1,508.74,590.49,118.40,123.61,0.87
77,2,219.00,513.00,51.00,115.00,0.72
78,1,513.16,592.51,116.79,123.44,0.82
78,2,211.80,512.20,57.40,101.40,0.62
79,1,515.98,594.72,116.65,121.96,0.83
80,1,516.24,595.66,117.14,120.63,0.82
81,1,515.52,597.40,118.54,118.07,0.54
82,1,513.14,599.46,119.64,118.36,0.62
83,1,507.53,600.91,122.59,117.12,0.82
84,1,501.40,600.17,121.71,115.94,0.75
85,1,494.32,599.24,121.26,115.47,0.60
87,1,478.86,595.74,118.33,116.75,0.62
91,1,447.48,582.38,107.30,119.65,0.76
92,1,438.27,580.92,103.94,118.61,0.76
93,1,430.62,579.11,101.53,118.25,0.68
95,1,420.94,577.54,93.67,119.63,0.70
120,3,95.00,323.00,42.00,65.00,0.74
121,3,94.20,321.40,51.60,77.00,0.76
122,3,101.97,337.86,53.33,74.09,0.70
123,3,116.87,368.90,54.75,71.43,0.71
124,3,134.77,394.70,54.47,68.41,0.79
125,3,155.53,421.96,52.90,66.08,0.64
127,4,444.00,546.00,106.00,144.00,0.88
127,3,210.40,476.31,34.12,55.60,0.64
128,4,452.80,549.20,109.20,144.00,0.85
128,3,234.64,504.92,27.66,46.49,0.57
129,4,464.40,553.67,111.34,144.77,0.87
130,4,478.36,558.27,111.31,145.03,0.88
130,1,228.99,517.03,74.04,114.01,0.63
131,4,492.21,562.58,111.23,144.34,0.84
132,4,502.82,568.18,112.62,144.82,0.88
133,4,512.33,574.87,114.47,142.17,0.85
134,4,522.82,579.82,113.74,137.72,0.88
135,4,529.59,586.92,116.84,130.59,0.90
136,4,531.74,593.39,123.95,123.22,0.88
137,4,532.94,599.60,129.19,117.94,0.82
138,5,328.00,564.00,133.00,83.00,0.83
139,5,334.40,573.60,151.40,88.60,0.79
140,5,339.27,588.24,174.00,88.90,0.72
141,5,350.99,604.17,198.72,82.09,0.68
146,5,361.02,621.99,296.47,79.02,0.52
147,5,358.84,621.23,307.43,81.84,0.60
148,5,356.86,620.39,310.30,83.40,0.65
149,5,355.17,619.92,311.68,83.97,0.55
151,5,350.14,621.27,310.25,80.97,0.57
188,6,504.00,605.00,130.00,111.00,0.82
189,6,504.00,604.20,130.00,112.60,0.86
190,6,501.69,602.51,132.31,114.44,0.84
191,6,499.37,599.63,132.32,115.84,0.78
192,6,497.20,597.27,131.50,119.20,0.83
193,6,494.40,595.84,131.20,120.27,0.83
194,6,492.82,595.43,128.96,120.57,0.66
198,6,490.44,593.77,126.22,121.08,0.56
199,6,490.43,593.77,125.98,121.00,0.53
200,6,488.40,593.77,127.25,120.97,0.78
201,6,487.03,593.12,129.05,121.63,0.87
202,6,484.58,592.23,129.73,123.20,0.85
203,6,482.38,588.61,129.32,125.11,0.68
204,6,478.30,582.66,129.82,126.49,0.70
205,6,470.87,577.80,135.29,128.31,0.86
206,6,466.19,572.72,135.37,127.67,0.76
207,6,465.14,566.90,130.12,128.72,0.84
208,6,459.53,560.84,128.06,127.78,0.86
209,6,456.22,555.99,123.96,122.12,0.75
210,6,443.69,550.94,128.49,141.44,0.61
212,6,427.34,542.78,128.89,134.76,0.68
214,6,417.89,541.00,120.33,133.20,0.87
215,6,415.09,540.83,117.74,133.72,0.90
216,6,414.20,540.81,116.89,133.90,0.89
217,6,414.70,542.86,115.94,133.31,0.88
218,6,415.72,545.04,113.62,134.41,0.87
219,6,416.93,547.23,111.46,133.50,0.86
220,6,416.83,550.10,111.39,132.50,0.82
224,6,414.93,556.88,108.24,132.93,0.57
244,6,419.64,557.06,114.95,136.97,0.60
245,6,419.95,557.02,115.09,136.37,0.66
261,6,417.11,556.03,125.86,144.89,0.64
264,6,415.37,558.59,132.81,153.52,0.63
265,6,413.79,559.00,133.13,155.43,0.66
274,6,428.43,560.24,83.07,135.84,0.86
275,6,429.92,559.45,79.89,131.90,0.86
276,6,428.86,559.91,81.13,129.36,0.89
277,6,425.68,558.03,86.54,127.84,0.89
278,6,421.84,556.65,91.21,125.33,0.85
279,6,417.08,556.83,96.33,125.85,0.87
280,6,413.98,555.56,100.24,126.11,0.85
281,6,426.50,555.09,88.07,119.56,0.79
282,6,432.43,555.62,82.33,118.55,0.76
283,6,420.64,553.78,96.26,125.68,0.78
284,6,415.48,553.13,101.49,128.92,0.75
285,6,422.38,553.55,95.26,129.54,0.75
286,6,427.31,555.05,91.28,130.45,0.79
287,6,428.47,556.28,91.13,130.80,0.84
288,6,425.57,557.42,94.39,132.25,0.87
289,6,424.49,557.84,95.60,132.80,0.89
290,6,423.42,558.00,97.36,133.00,0.90
291,6,423.02,558.71,98.01,132.41,0.90
292,6,422.89,558.98,98.89,131.52,0.90
293,6,424.15,558.41,99.20,131.84,0.90
294,6,424.65,558.18,99.95,131.96,0.89
295,6,424.19,558.10,100.87,132.66,0.89
296,6,425.98,558.06,100.54,132.93,0.88
297,6,427.33,558.04,101.70,133.02,0.88
297,7,275.00,537.00,44.00,46.00,0.73
299,6,428.01,558.05,102.85,132.26,0.89
300,6,428.17,557.37,102.97,132.05,0.89
301,6,428.22,557.13,103.01,131.98,0.89
302,6,428.22,557.04,103.02,133.28,0.89
303,6,428.21,557.67,103.03,133.11,0.89
304,6,428.85,557.90,101.71,133.05,0.88
305,6,427.75,557.99,101.20,133.68,0.89
306,6,426.66,558.02,101.68,133.92,0.89
307,6,426.25,558.03,101.87,134.01,0.88
308,6,427.41,558.03,101.94,134.04,0.80
309,6,429.17,557.37,102.63,134.70,0.87
310,6,431.15,557.78,104.21,134.29,0.82
311,6,433.85,557.27,107.43,136.11,0.69
312,6,438.76,558.40,110.59,136.79,0.76
313,6,445.17,558.82,111.79,137.04,0.78
320,6,473.15,556.26,129.92,137.96,0.80
321,6,475.46,554.68,133.05,138.00,0.80
322,6,478.20,552.17,133.55,139.34,0.79
323,6,479.16,551.90,134.34,138.52,0.80
324,6,480.72,550.49,135.25,138.20,0.81
325,6,481.22,549.32,135.55,138.08,0.80
326,6,480.66,547.58,136.27,138.03,0.83
327,6,480.35,546.28,136.50,138.68,0.83
328,6,480.81,545.82,135.89,138.92,0.84
329,6,480.91,545.02,135.62,139.66,0.84
330,6,480.22,545.40,136.14,139.28,0.80
331,6,479.90,545.58,136.31,138.47,0.83
332,6,479.73,547.66,136.34,138.16,0.86
333,6,480.27,548.46,137.65,138.05,0.79
334,6,481.76,549.43,136.15,138.00,0.65
335,6,484.26,551.12,135.55,137.99,0.76
336,6,487.15,552.42,133.98,137.98,0.83
337,6,489.51,554.23,133.38,138.64,0.86
337,8,210.00,360.00,81.00,124.00,0.73
338,6,491.01,555.55,133.15,137.57,0.87
338,8,218.80,360.00,85.80,151.20,0.85
339,6,492.84,557.36,133.06,134.52,0.90
339,8,230.30,363.61,89.73,179.91,0.88
340,6,492.81,558.69,135.01,133.37,0.90
340,8,242.64,391.03,99.40,191.18,0.87
341,6,494.72,560.48,135.08,132.29,0.89
341,8,258.53,431.66,102.62,189.19,0.83
342,6,495.39,561.79,135.10,131.25,0.91
342,8,275.05,476.34,106.97,182.70,0.81
343,6,495.59,562.24,135.10,130.88,0.90
343,8,290.83,524.32,109.07,174.96,0.80
344,6,498.26,565.04,132.45,129.43,0.91
344,8,304.97,571.65,109.00,146.97,0.75
345,6,501.21,566.71,130.11,128.92,0.91
345,8,315.80,612.11,109.45,111.36,0.81
346,6,500.92,567.96,129.91,127.42,0.91
347,6,498.77,569.71,129.18,128.22,0.90
348,6,495.91,572.31,126.93,127.22,0.90
349,6,492.80,574.57,123.43,125.53,0.91
350,6,488.25,578.02,118.79,124.26,0.90
351,6,483.86,581.25,112.39,128.49,0.88
355,6,466.23,619.91,82.20,96.18,0.66
356,6,459.91,631.85,77.48,83.80,0.67
357,6,456.10,641.55,73.34,74.74,0.58
358,6,456.42,648.72,67.84,67.70,0.66
387,9,605.00,608.00,92.00,106.00,0.75
388,9,614.60,604.80,92.00,110.80,0.79
389,9,621.07,596.59,92.00,117.79,0.81
390,9,623.24,586.99,96.67,127.72,0.82
391,9,625.98,578.91,102.52,135.93,0.87
392,9,638.64,571.46,99.60,141.41,0.88
393,9,648.08,567.61,100.38,144.51,0.87
394,9,657.39,562.47,101.28,148.06,0.86
395,9,665.29,556.15,104.25,138.68,0.85
396,9,677.95,547.31,102.64,134.57,0.80
397,9,686.48,537.59,105.29,137.66,0.82
398,9,701.28,527.60,102.28,139.39,0.62
399,9,717.29,520.11,101.70,142.58,0.81
400,9,732.89,514.89,101.46,146.33,0.63
