71,1,469.00,534.00,57.00,117.00,0.77
72,1,464.20,530.80,53.80,117.80,0.70
73,1,458.55,527.11,50.03,119.49,0.67
74,1,448.64,522.78,52.92,123.92,0.71
75,1,437.04,520.75,61.92,128.23,0.75
76,1,427.14,518.77,68.97,133.13,0.65
77,1,413.82,514.75,82.03,138.18,0.71
78,1,403.09,512.69,91.47,141.27,0.80
79,1,389.67,512.68,102.05,142.28,0.78
80,1,377.59,512.80,109.97,144.50,0.80
81,1,366.08,511.61,117.39,145.88,0.76
82,1,356.06,509.92,122.74,147.59,0.79
83,1,348.53,508.69,125.98,148.14,0.81
84,1,341.41,505.67,130.20,150.21,0.86
85,1,338.83,503.92,131.09,152.22,0.86
86,1,338.16,503.32,128.05,152.25,0.85
87,1,342.17,502.51,118.83,153.48,0.54
88,1,345.57,502.92,112.25,152.56,0.64
89,1,349.80,505.11,107.64,148.84,0.85
90,1,354.31,508.01,101.13,147.34,0.80
91,1,358.98,510.45,95.88,148.06,0.76
92,1,362.22,512.70,94.61,150.28,0.80
93,1,364.15,514.88,96.19,151.09,0.83
94,1,364.24,516.36,101.43,151.36,0.82
95,1,361.05,520.21,110.56,149.46,0.86
96,1,360.49,524.30,117.86,147.37,0.85
97,1,359.68,529.13,123.25,143.90,0.85
98,1,360.68,534.90,125.33,139.25,0.87
99,1,366.27,539.67,121.55,135.50,0.87
100,1,369.85,543.36,117.96,134.16,0.87
101,1,373.21,545.29,115.85,133.03,0.86
102,1,375.13,547.25,114.35,131.32,0.85
103,1,375.85,549.21,115.73,130.73,0.85
104,1,375.45,550.51,118.19,129.21,0.85
105,1,375.28,550.90,119.74,128.70,0.85
106,1,374.55,550.96,120.30,129.22,0.83
107,1,372.94,550.25,120.47,130.78,0.84
108,1,372.98,549.92,119.18,131.39,0.84
109,1,371.02,549.74,119.31,132.30,0.84
110,1,370.94,549.63,118.68,132.66,0.83
111,1,370.25,549.54,119.07,132.81,0.84
112,1,368.68,548.81,119.20,134.19,0.83
113,1,367.44,548.51,119.89,134.06,0.83
114,1,365.67,548.37,120.13,134.01,0.82
115,1,365.02,548.29,120.20,134.66,0.81
116,1,364.13,548.25,120.87,134.90,0.83
117,1,362.51,546.24,121.11,136.31,0.85
118,1,360.60,545.47,123.16,136.84,0.85
119,1,359.25,544.51,122.61,136.37,0.87
120,1,357.45,543.49,123.69,136.84,0.83
121,1,356.14,541.79,123.42,137.02,0.80
122,1,355.69,541.15,122.64,136.41,0.79
123,1,355.56,540.26,122.33,136.84,0.83
124,1,355.54,539.94,121.54,136.34,0.84
125,1,354.91,538.52,119.91,136.14,0.84
126,1,354.71,538.00,119.95,135.40,0.87
127,1,355.32,537.16,117.98,135.78,0.87
128,1,354.92,536.86,117.91,136.59,0.86
129,1,355.45,536.11,116.56,137.55,0.85
130,1,354.34,535.85,116.73,137.91,0.85
131,1,353.95,534.45,116.81,138.04,0.85
132,1,353.82,533.94,116.18,138.08,0.84
133,1,353.12,534.43,117.29,138.75,0.85
134,1,352.22,535.30,119.03,138.34,0.85
135,1,351.89,535.65,120.35,138.17,0.85
136,1,352.45,536.45,121.50,137.44,0.87
137,1,352.68,536.76,122.59,137.16,0.88
138,1,353.43,536.23,121.68,137.72,0.88
139,1,353.74,536.03,121.32,137.92,0.86
140,1,353.86,536.62,121.17,137.34,0.86
141,1,354.57,536.85,119.79,137.12,0.85
142,1,354.18,537.60,117.93,136.37,0.83
143,1,354.04,537.88,116.57,136.09,0.83
144,1,353.98,537.32,116.08,136.65,0.81
146,1,353.14,536.29,117.50,137.69,0.77
147,1,352.94,536.05,117.90,137.26,0.74
148,1,352.88,535.31,118.04,138.43,0.84
149,1,353.52,534.38,116.76,138.21,0.82
150,1,354.44,535.35,115.61,137.46,0.76
151,1,355.46,535.73,112.52,137.17,0.68
152,1,355.84,535.88,111.36,137.06,0.76
153,1,356.65,535.94,110.28,137.02,0.81
154,1,357.61,534.64,111.91,137.66,0.86
155,1,357.96,534.81,113.18,139.22,0.85
156,1,359.40,532.91,114.34,141.13,0.84
157,1,360.60,530.89,116.75,143.81,0.86
158,1,362.34,529.47,120.28,145.46,0.87
159,1,362.99,526.99,124.87,146.73,0.70
160,1,363.87,524.76,129.20,147.84,0.59
162,1,364.44,514.54,134.73,152.80,0.59
164,2,355.00,338.00,154.00,137.00,0.79
165,1,369.75,412.32,138.38,158.93,0.88
166,1,376.47,426.16,133.51,146.40,0.82
167,1,362.82,445.91,147.78,162.89,0.88
168,1,356.10,456.26,156.00,167.83,0.85
169,1,352.12,456.80,161.79,182.67,0.71
170,1,348.00,455.17,165.94,184.54,0.76
171,1,348.96,454.01,164.93,189.67,0.80
172,1,348.72,453.65,165.73,189.65,0.83
173,1,346.71,456.21,170.51,189.52,0.79
174,1,356.92,457.94,160.03,186.13,0.65
175,1,354.38,459.35,162.37,184.71,0.71
176,1,367.20,459.95,148.14,182.14,0.69
177,1,358.61,460.89,156.78,179.13,0.73
178,1,350.44,462.62,163.67,177.94,0.86
179,1,349.87,467.28,164.36,174.83,0.83
180,1,351.00,473.72,165.22,171.63,0.52
183,1,366.06,483.56,153.46,165.10,0.57
184,1,366.47,488.45,154.88,161.35,0.65
185,1,363.95,490.75,157.98,160.79,0.55
186,1,363.65,492.19,158.49,160.61,0.66
187,1,367.46,493.32,156.06,159.92,0.59
204,1,349.38,498.20,160.94,157.02,0.57
210,1,352.42,493.45,162.88,159.80,0.52
211,1,351.41,493.05,165.76,160.02,0.65
212,1,351.73,492.25,165.40,160.75,0.58
215,1,351.94,490.23,165.11,160.16,0.54
216,1,352.00,489.28,165.02,160.71,0.52
217,1,352.02,487.63,164.98,160.89,0.61
218,1,351.36,486.37,165.63,161.63,0.69
219,1,351.11,485.92,165.88,161.90,0.71
220,1,349.04,485.77,167.29,162.00,0.72
221,1,348.26,485.74,167.82,161.37,0.76
222,1,346.66,485.08,168.02,161.80,0.67
223,1,346.06,483.53,167.42,161.95,0.59
228,1,351.29,478.23,160.67,159.27,0.53
229,1,351.86,477.83,160.01,157.62,0.68
230,1,351.38,477.02,161.14,157.07,0.78
231,1,352.52,474.76,162.23,162.87,0.67
232,1,351.62,474.59,165.30,164.36,0.76
233,1,351.27,474.57,166.46,164.93,0.72
234,1,351.79,471.96,168.21,166.44,0.67
235,1,354.61,469.69,167.56,165.03,0.69
235,3,270.00,306.00,174.00,134.00,0.89
236,3,294.00,314.80,174.00,177.20,0.91
237,3,317.89,364.05,174.00,180.57,0.90
238,1,351.81,450.92,175.57,180.25,0.93
239,1,366.74,483.11,169.41,175.31,0.83
240,1,384.14,528.30,163.15,165.47,0.80
241,1,392.51,568.82,160.84,141.55,0.86
242,1,394.79,600.60,157.34,116.31,0.79
243,3,391.85,457.65,155.38,138.30,0.67
244,1,393.25,611.12,157.63,108.43,0.54
245,1,396.49,615.37,156.58,104.50,0.52
246,1,399.60,620.72,154.87,98.31,0.56
247,1,404.66,630.64,149.57,87.04,0.75
248,1,405.77,631.46,148.93,85.37,0.77
249,1,406.76,635.08,147.39,81.40,0.71
250,1,407.02,636.01,146.18,80.18,0.61
251,1,405.69,635.42,146.43,79.87,0.61
253,1,405.01,642.06,145.93,74.67,0.56
254,1,403.93,640.06,146.66,76.89,0.60
261,4,371.00,471.00,157.00,172.00,0.76
262,4,372.60,470.20,157.00,172.80,0.69
263,4,372.91,469.28,157.77,171.41,0.79
264,4,373.01,468.97,158.80,169.39,0.71
265,4,369.30,468.90,162.10,170.32,0.73
266,4,368.07,468.89,163.15,170.67,0.74
267,4,369.10,468.20,160.65,170.81,0.77
268,4,366.74,467.96,161.76,170.87,0.66
269,4,365.93,467.21,158.73,173.65,0.68
270,4,362.27,467.62,158.26,170.62,0.67
271,4,354.89,467.12,162.81,134.25,0.80
272,4,350.91,444.65,163.81,159.50,0.58
273,4,340.86,422.17,167.49,122.26,0.70
274,4,333.88,386.80,157.00,110.99,0.84
275,4,321.88,338.67,144.01,123.14,0.77
332,5,955.00,276.00,46.00,183.00,0.77
333,5,925.40,311.20,60.40,194.20,0.84
334,5,885.73,357.92,72.07,187.25,0.84
