230,1,200.00,160.00,310.00,163.00,0.71
231,1,180.80,184.80,320.40,162.20,0.59
232,1,177.90,215.83,301.79,146.61,0.58
239,1,236.70,357.27,273.28,121.21,0.50
271,2,374.00,219.00,156.00,113.00,0.74
272,2,373.20,206.20,157.60,114.60,0.71
274,2,383.81,192.54,153.46,102.38,0.64
275,2,388.64,184.77,112.86,103.63,0.80
276,2,393.78,175.35,99.96,99.56,0.71
277,2,398.03,171.11,95.76,94.72,0.64
278,2,402.84,167.17,94.99,97.62,0.70
279,2,408.55,165.31,63.59,92.40,0.64
280,2,415.60,162.92,56.03,94.87,0.62
281,2,424.23,159.49,52.14,95.76,0.70
289,3,585.00,455.00,303.00,179.00,0.71
290,3,585.00,455.00,304.60,171.00,0.65
290,2,404.50,157.59,76.56,103.69,0.58
292,2,386.93,165.83,95.70,108.77,0.75
293,3,593.52,455.95,293.62,183.36,0.61
294,3,595.19,455.34,288.67,186.19,0.66
295,3,594.93,456.51,288.67,181.49,0.55
296,4,623.00,596.00,121.00,58.00,0.71
298,5,310.00,230.00,275.00,113.00,0.71
298,3,616.37,570.00,166.29,84.25,0.72
299,5,297.20,236.40,280.60,120.20,0.59
300,3,635.87,587.50,129.83,69.10,0.60
301,3,636.41,592.82,123.73,70.46,0.65
302,3,618.80,589.13,136.19,70.89,0.54
312,5,282.05,300.75,260.07,116.02,0.55
313,5,280.26,305.87,258.87,110.96,0.52
314,3,597.40,598.55,142.90,68.04,0.71
326,5,293.34,319.76,265.85,105.09,0.59
326,3,595.46,588.51,114.68,86.60,0.64
327,5,295.32,320.39,266.81,105.64,0.63
328,5,301.93,319.29,262.51,105.80,0.71
329,5,306.39,318.83,259.54,105.87,0.58
330,5,308.67,317.94,257.09,105.90,0.55
331,5,310.12,318.90,255.52,103.93,0.56
332,5,311.27,321.23,253.63,99.17,0.57
334,5,318.72,330.07,249.83,109.95,0.56
335,5,331.05,340.27,247.11,114.37,0.62
336,5,347.37,360.27,242.83,112.15,0.80
337,5,366.67,387.77,237.25,97.39,0.80
338,5,387.08,413.49,229.85,93.55,0.86
339,5,409.88,432.98,219.08,97.71,0.89
340,5,437.64,450.29,199.54,105.12,0.90
341,5,469.52,465.62,175.84,106.62,0.85
342,5,502.81,485.53,150.70,100.00,0.78
343,5,529.77,504.03,128.16,87.24,0.72
344,5,546.76,519.84,116.62,71.93,0.67
346,5,569.53,540.86,98.91,51.48,0.54
347,5,580.86,543.34,87.04,46.60,0.51
354,3,552.01,582.05,191.76,85.01,0.51
355,3,546.10,583.34,198.99,82.86,0.55
356,3,539.13,583.08,205.20,83.53,0.53
357,3,590.51,585.67,150.31,79.08,0.53
358,3,616.43,589.42,119.76,77.40,0.52
359,3,631.82,590.05,102.14,79.57,0.62
360,3,636.34,589.60,95.44,80.37,0.69
361,3,640.45,592.06,88.48,76.69,0.78
362,3,641.49,593.64,84.34,73.95,0.70
362,6,499.00,568.00,111.00,61.00,0.76
363,3,642.32,597.58,80.38,70.94,0.75
364,3,641.67,601.02,82.22,66.48,0.75
365,3,641.39,600.11,85.01,69.10,0.67
365,7,507.00,571.00,125.00,51.00,0.73
366,7,515.00,575.80,120.20,44.60,0.63
367,3,639.34,594.12,87.62,76.69,0.69
368,3,636.50,588.75,90.12,81.81,0.57
369,3,635.46,587.97,87.75,81.20,0.77
370,3,635.06,588.36,86.11,79.57,0.79
371,3,633.59,587.88,84.14,80.20,0.79
371,7,554.19,575.01,45.54,42.04,0.56
372,3,634.39,586.42,82.05,79.10,0.50
372,7,563.89,572.00,40.65,43.38,0.53
373,7,567.62,569.73,42.91,42.39,0.70
374,7,569.29,569.62,41.85,42.72,0.63
375,7,570.88,571.65,41.89,44.21,0.62
400,3,586.14,606.87,96.94,79.00,0.66
401,3,582.14,604.44,99.80,81.08,0.70
402,3,578.74,599.02,101.50,87.72,0.54
410,3,554.49,577.11,158.22,131.97,0.55
411,3,551.41,576.40,162.20,133.96,0.62
412,3,549.58,576.20,164.31,132.10,0.72
413,3,552.08,576.19,162.49,134.40,0.55
414,3,550.61,577.49,163.52,134.58,0.58
417,3,543.83,580.28,167.84,132.91,0.59
418,3,547.10,581.62,165.95,130.81,0.81
419,3,544.29,583.40,170.56,131.43,0.78
420,3,541.96,584.03,174.86,131.01,0.76
421,3,537.19,585.57,178.45,128.88,0.55
434,8,976.00,293.00,48.00,57.00,0.81
435,8,974.40,312.20,47.20,60.20,0.74
436,8,970.99,334.76,47.05,62.32,0.60
437,8,964.40,365.43,48.56,62.31,0.51
439,8,954.49,303.12,100.62,174.64,0.68
440,8,950.75,291.21,115.50,207.28,0.77
441,8,948.04,283.99,127.95,234.75,0.82
442,8,948.16,283.02,134.86,256.92,0.79
443,8,950.19,284.50,134.39,277.10,0.84
444,8,954.32,301.76,127.45,302.30,0.87
445,8,963.19,338.85,112.56,316.75,0.72
446,8,957.12,391.81,126.88,289.03,0.83
446,3,542.88,629.84,108.40,79.25,0.54
447,8,939.55,466.69,169.68,219.68,0.84
448,8,922.18,543.75,207.58,145.74,0.52
451,8,924.36,533.51,170.12,185.32,0.61
452,8,927.64,537.49,135.70,182.84,0.75
453,8,921.24,545.18,116.24,176.92,0.76
454,8,912.60,554.39,96.59,168.45,0.74
455,8,904.45,566.23,79.51,156.36,0.83
456,8,891.91,577.01,70.54,143.57,0.52
457,8,880.13,585.97,63.94,133.44,0.75
458,8,877.08,592.15,51.82,85.78,0.66
461,8,859.37,601.45,44.78,62.02,0.60
462,8,855.09,603.17,43.00,60.70,0.63
463,8,847.05,606.56,47.24,60.33,0.70
464,8,842.32,611.14,48.69,62.42,0.60
465,8,834.95,617.45,47.91,63.20,0.61
466,8,823.16,623.71,46.88,67.62,0.62
467,8,803.00,635.78,51.81,70.55,0.57
480,9,639.00,602.00,146.00,113.00,0.71
481,9,641.40,604.40,144.40,110.60,0.62
482,9,645.73,604.09,150.28,112.46,0.64
483,9,648.71,603.99,150.72,112.30,0.72
484,9,651.77,604.71,149.91,111.44,0.72
485,9,656.99,604.96,147.38,110.41,0.72
486,9,656.52,604.32,145.75,111.48,0.69
487,9,661.09,604.79,146.56,110.47,0.56
488,9,669.46,604.27,137.28,111.48,0.58
489,9,676.56,604.76,130.33,110.50,0.60
490,9,671.17,605.62,137.06,109.45,0.76
491,9,670.63,606.60,139.38,109.07,0.68
492,9,663.63,527.77,265.09,188.13,0.59
493,9,670.17,565.47,202.47,151.61,0.65
494,9,673.84,589.34,159.48,128.39,0.70
495,9,676.50,597.21,142.73,120.75,0.78
496,9,672.54,596.64,142.57,119.39,0.79
497,9,673.81,595.86,139.10,120.78,0.80
498,9,668.87,595.67,142.90,120.55,0.84
499,9,665.70,593.08,146.18,122.32,0.84
500,9,661.85,591.53,149.92,124.21,0.76
501,9,661.03,590.37,150.57,125.51,0.84
502,9,660.74,588.06,150.01,127.88,0.87
503,9,659.35,587.25,150.31,128.72,0.88
504,9,658.85,587.02,150.98,128.95,0.88
505,9,656.06,588.32,152.45,127.65,0.88
506,9,655.03,588.90,152.93,127.08,0.87
507,9,654.67,587.86,153.02,128.12,0.85
508,9,655.23,588.83,152.32,127.16,0.81
509,9,656.13,585.95,149.35,129.38,0.78
510,9,655.85,586.86,147.49,127.56,0.73
511,9,655.10,581.99,147.41,132.76,0.64
519,9,638.66,487.38,353.43,226.40,0.61
520,9,638.72,481.11,359.26,233.19,0.85
521,9,636.56,480.03,357.65,233.94,0.84
522,9,635.08,481.15,356.27,232.07,0.72
556,10,778.00,358.00,114.00,63.00,0.72
557,10,763.60,365.20,115.60,80.60,0.81
558,10,748.56,367.90,113.60,102.17,0.79
559,10,731.73,369.64,110.58,124.62,0.87
560,10,719.46,376.60,105.91,140.10,0.81
561,10,702.08,380.21,108.28,152.99,0.89
562,10,686.94,384.12,109.11,161.60,0.89
563,10,673.87,388.78,111.54,165.90,0.83
564,10,666.30,399.40,110.41,162.10,0.87
565,10,655.34,404.91,113.40,160.55,0.83
566,10,645.06,415.96,117.84,154.40,0.66
567,10,636.33,424.73,120.81,151.50,0.84
568,10,631.49,437.74,120.61,145.53,0.85
569,10,624.87,453.80,124.45,136.26,0.87
570,10,620.06,474.45,125.87,121.64,0.57
572,10,612.67,519.51,128.56,94.73,0.81
573,10,608.26,543.57,132.93,80.29,0.80
574,10,603.48,564.85,137.73,65.91,0.60
576,10,586.01,593.03,152.76,67.67,0.81
577,10,564.10,598.37,172.76,80.65,0.73
578,10,566.42,607.28,167.83,91.10,0.70
579,10,575.77,616.15,159.06,99.69,0.74
580,10,618.74,625.65,115.90,93.19,0.62
590,11,649.00,581.00,207.00,134.00,0.77
591,11,645.00,580.20,207.00,134.80,0.72
592,11,643.46,579.28,202.38,136.49,0.57
593,11,642.95,579.74,198.47,134.75,0.64
596,11,628.79,585.46,192.28,130.37,0.51
603,11,613.46,597.71,211.25,118.42,0.57
604,11,614.21,598.29,211.71,117.10,0.54
605,11,614.52,598.49,209.87,116.68,0.52
608,11,622.52,598.41,198.39,116.81,0.61
609,11,624.18,598.23,195.64,116.98,0.61
610,11,626.07,599.50,192.73,115.04,0.73
611,11,624.07,600.63,193.73,112.97,0.70
630,11,646.68,631.78,124.60,82.27,0.52
634,11,644.12,625.83,130.36,89.29,0.61
699,11,609.01,615.01,138.00,102.99,0.54
700,11,606.05,565.98,176.02,149.34,0.54
701,11,598.26,545.23,189.18,169.18,0.80
702,11,589.79,534.10,193.31,177.48,0.79
703,11,581.89,525.97,192.05,181.91,0.72
704,11,570.39,526.12,187.99,176.48,0.77
705,11,561.48,523.38,182.21,171.96,0.79
706,11,550.96,521.95,177.16,166.71,0.79
707,11,543.88,520.39,168.45,163.15,0.79
708,11,537.43,513.46,163.72,166.24,0.80
709,11,532.60,520.78,153.18,155.60,0.79
710,11,529.08,524.09,146.51,146.44,0.83
711,11,525.31,527.57,142.81,139.58,0.82
712,11,520.08,530.36,142.94,132.98,0.81
713,11,514.32,532.18,145.09,126.49,0.82
714,11,515.73,533.63,141.93,122.83,0.82
715,11,520.58,533.52,136.08,118.18,0.81
716,11,522.59,533.54,134.00,112.47,0.78
717,11,522.06,533.59,132.65,110.56,0.76
718,11,515.89,532.27,138.31,108.62,0.66
719,11,514.37,530.46,139.08,105.31,0.66
720,11,513.25,529.16,137.43,101.49,0.66
721,11,510.94,530.12,136.85,97.50,0.65
722,11,509.51,531.19,135.33,94.14,0.69
723,11,507.73,530.91,133.46,96.54,0.66
724,11,507.84,531.50,131.47,100.13,0.62
725,11,505.96,530.40,131.44,103.51,0.62
726,11,506.00,531.31,130.14,100.88,0.68
727,11,506.09,530.35,129.03,100.59,0.62
728,11,501.52,528.67,132.00,102.52,0.61
729,11,497.90,527.40,134.44,107.88,0.63
745,11,556.73,519.97,40.27,120.82,0.58
746,11,417.20,521.82,177.79,119.86,0.53
747,11,401.74,521.19,191.17,121.47,0.62
748,11,396.19,520.30,195.86,120.75,0.61
749,11,396.24,518.66,194.36,123.07,0.69
750,11,398.39,518.71,187.95,125.24,0.76
751,11,399.44,518.74,182.07,126.04,0.71
752,11,404.33,514.85,175.34,130.90,0.74
753,11,405.59,512.09,171.52,134.65,0.79
754,11,407.21,510.40,168.34,137.36,0.79
755,11,410.92,509.13,164.13,140.30,0.76
756,11,413.46,508.67,160.84,141.38,0.78
757,11,415.44,508.54,158.67,141.08,0.74
758,11,417.13,507.87,158.30,140.25,0.71
759,11,419.98,507.65,154.71,137.90,0.65
760,11,421.98,509.58,139.19,130.35,0.63
761,11,427.19,511.71,121.26,121.37,0.53
762,11,432.85,515.26,132.64,124.22,0.57
763,11,435.91,523.14,148.72,124.56,0.73
764,11,440.91,531.42,157.38,113.41,0.71
765,11,442.32,540.75,165.28,93.24,0.57
771,11,549.04,552.78,77.58,85.20,0.70
772,11,557.19,553.34,65.59,85.65,0.84
773,11,557.35,552.86,63.53,87.13,0.79
774,11,558.69,551.32,59.36,85.69,0.60
775,11,556.36,550.68,58.51,85.82,0.70
776,11,554.01,549.75,58.44,86.54,0.70
777,11,551.70,548.72,57.88,88.14,0.69
778,11,564.91,548.32,43.75,67.67,0.59
779,11,568.03,548.12,38.20,58.49,0.56
780,11,567.20,548.06,36.14,55.07,0.56
781,11,564.63,548.04,36.45,54.83,0.58
782,11,563.81,547.32,35.92,55.55,0.52
782,12,543.00,547.00,54.00,96.00,0.72
783,11,564.18,547.08,34.47,55.89,0.60
783,12,546.20,544.60,50.80,96.00,0.64
784,11,562.13,546.99,34.84,56.11,0.58
784,12,544.47,544.91,50.96,99.08,0.61
785,11,560.04,544.93,34.33,57.61,0.59
785,12,542.35,543.48,51.01,99.36,0.54
786,12,538.74,543.01,49.51,99.34,0.57
787,12,534.70,542.15,46.81,96.40,0.61
788,12,531.30,542.60,42.29,98.92,0.65
789,12,528.14,542.76,34.94,103.90,0.66
790,12,521.97,544.84,31.99,105.03,0.64
791,12,519.60,546.98,28.25,105.41,0.62
792,12,514.54,548.45,28.84,110.16,0.60
793,12,509.52,551.60,30.46,110.59,0.54
809,13,481.00,585.00,61.00,107.00,0.71
810,13,480.20,588.20,62.60,104.60,0.75
811,13,475.46,588.82,65.96,104.13,0.51
812,13,476.09,591.37,65.62,103.20,0.65
813,13,476.48,594.41,68.34,105.19,0.63
820,13,496.29,628.36,55.49,64.27,0.64
821,13,498.09,637.12,54.01,64.19,0.76
990,14,304.00,480.00,86.00,64.00,0.71
991,14,304.80,476.80,83.60,64.80,0.78
992,14,304.18,476.19,81.58,65.72,0.74
993,14,301.60,474.44,81.71,67.58,0.82
994,14,299.34,471.68,84.07,70.35,0.75
995,14,293.64,472.89,89.15,69.85,0.73
996,14,288.97,474.12,92.27,68.18,0.64
1003,15,737.00,318.00,81.00,69.00,0.80
1004,15,716.20,320.40,99.40,81.80,0.84
1005,15,699.50,320.84,114.23,89.96,0.85
1006,15,669.21,344.02,138.90,80.15,0.66
1007,15,647.99,373.38,151.52,72.92,0.66
1008,15,642.46,395.37,145.79,78.38,0.81
1009,15,625.51,412.46,148.98,86.24,0.81
1010,15,617.58,428.86,147.30,89.78,0.86
1011,15,612.57,444.35,146.20,87.14,0.80
1012,15,607.93,456.78,148.77,81.97,0.86
1013,15,607.23,465.28,150.20,75.88,0.84
1013,16,1110.00,318.00,66.00,124.00,0.75
1014,15,610.69,469.57,149.23,70.20,0.82
1014,16,1106.00,316.40,70.80,144.00,0.86
1015,15,620.37,471.01,144.03,67.53,0.83
1015,16,1102.23,323.44,73.21,160.87,0.88
1016,15,619.92,471.01,150.43,66.67,0.82
1016,16,1094.09,344.71,74.07,166.56,0.87
1017,15,620.51,467.85,150.14,68.49,0.84
1017,16,1086.33,385.10,69.87,151.79,0.87
1018,15,621.03,463.78,146.57,73.88,0.85
1018,16,1074.43,428.37,73.52,130.30,0.88
1019,15,618.83,462.15,143.71,76.52,0.85
1019,16,1058.22,476.66,87.14,96.74,0.85
1020,15,610.22,463.86,144.53,75.61,0.84
1020,16,1035.86,491.22,107.89,102.29,0.76
1021,15,605.82,469.55,143.45,73.25,0.85
1021,16,1043.17,499.53,93.95,90.94,0.78
1022,15,602.36,475.49,142.31,69.01,0.85
1022,16,1012.62,507.37,114.00,122.21,0.69
1023,15,600.58,480.84,142.48,68.80,0.82
1023,16,1015.76,518.98,96.10,103.22,0.73
1024,15,598.76,487.31,144.49,70.75,0.83
1024,16,1010.03,528.22,84.90,93.28,0.72
1025,15,597.56,492.84,145.87,74.78,0.76
1025,16,999.50,537.63,80.03,90.06,0.84
1026,15,595.94,501.28,148.32,79.54,0.79
1026,16,989.97,545.16,76.91,87.69,0.84
1027,15,596.75,506.96,146.60,85.87,0.76
1027,16,978.76,549.92,75.06,87.00,0.87
1028,15,598.55,517.91,140.59,88.95,0.80
1028,16,968.99,552.44,72.33,88.94,0.84
1029,15,597.37,527.19,134.24,92.69,0.78
1029,16,960.43,554.99,69.96,89.70,0.88
1030,15,597.05,515.38,130.52,117.68,0.73
1030,16,953.68,556.83,67.06,90.73,0.87
1031,15,599.04,510.60,130.55,138.91,0.82
1031,16,947.59,558.49,63.29,89.84,0.84
1032,15,599.16,508.37,125.90,152.20,0.78
1032,16,944.50,556.71,61.29,88.89,0.80
1033,15,599.29,513.29,128.95,156.58,0.68
1033,16,945.15,553.06,59.27,89.92,0.79
1034,15,598.04,509.63,128.74,166.89,0.64
1034,16,947.12,549.52,59.99,88.35,0.82
1035,15,598.29,507.48,121.36,173.39,0.59
1035,16,949.35,545.25,58.94,89.13,0.80
1036,15,599.13,508.36,122.01,177.12,0.61
1036,16,951.80,541.57,59.96,88.79,0.82
1037,15,600.12,509.24,118.93,177.81,0.62
1037,16,952.13,538.05,61.04,88.69,0.83
1038,15,600.53,509.49,117.84,177.26,0.56
1038,16,955.04,535.32,59.47,87.35,0.82
1039,16,956.97,532.21,59.59,87.54,0.81
1040,16,956.41,530.35,60.32,88.30,0.83
1040,15,600.57,507.13,119.25,178.18,0.58
1041,16,956.26,527.65,61.27,88.61,0.84
1041,15,599.88,511.11,119.86,172.59,0.65
1042,16,956.26,525.95,60.99,88.74,0.83
1042,15,599.65,514.43,120.08,166.62,0.66
1043,16,957.65,523.98,59.57,88.14,0.78
1043,15,599.60,522.18,120.14,156.42,0.64
1044,16,959.56,520.59,59.04,88.59,0.74
1044,15,598.95,525.53,121.48,150.66,0.59
1045,16,959.64,518.67,59.53,89.43,0.76
1045,15,600.04,527.24,121.31,146.65,0.69
1046,16,959.69,516.65,59.73,89.10,0.78
1046,15,600.49,539.24,121.23,134.44,0.71
1047,16,960.39,514.60,60.48,87.66,0.66
1047,15,600.68,544.08,121.84,129.43,0.70
1048,16,960.01,511.20,64.06,87.78,0.66
1048,15,601.43,542.80,121.41,129.24,0.69
1049,16,963.10,509.97,64.76,82.54,0.64
1049,15,601.72,542.89,121.23,128.61,0.67
1050,16,965.64,508.22,62.41,81.23,0.67
1050,15,603.83,543.43,119.17,126.50,0.55
1051,16,968.63,506.29,59.49,82.81,0.67
1051,15,604.63,546.87,118.38,122.47,0.61
1052,16,969.73,504.96,57.72,84.73,0.68
1052,15,605.59,550.02,118.75,117.73,0.72
1053,16,971.45,504.51,57.09,85.47,0.67
1053,15,607.27,550.32,119.55,113.42,0.71
1054,16,972.73,504.39,56.20,83.13,0.66
1054,15,608.55,549.60,123.16,112.73,0.74
1055,16,974.52,504.41,55.22,82.24,0.65
1055,15,609.67,548.57,124.51,113.28,0.72
1056,16,975.82,503.80,54.21,81.93,0.65
1056,15,611.39,547.45,124.36,112.24,0.68
1057,16,976.26,504.27,53.19,80.50,0.64
1057,15,612.03,546.96,125.60,110.61,0.60
1058,16,975.03,505.83,53.52,80.65,0.72
1058,15,610.93,546.71,131.29,107.42,0.70
1059,16,975.89,507.09,53.66,80.72,0.68
1059,15,609.21,547.93,132.78,99.56,0.64
1060,16,975.52,508.91,53.73,81.43,0.72
1060,15,607.22,555.25,137.22,81.55,0.80
1061,16,977.35,510.27,51.11,81.05,0.68
1061,15,609.03,557.04,139.53,72.42,0.78
1062,16,975.98,512.11,51.50,82.25,0.69
1062,15,616.22,551.60,135.84,71.34,0.76
1063,16,974.80,515.42,51.66,81.38,0.65
1063,15,626.93,542.08,133.66,68.26,0.75
1064,16,975.02,517.34,51.07,79.73,0.69
1064,15,639.51,524.55,132.80,68.91,0.72
1065,16,974.42,522.04,49.53,69.78,0.66
1066,16,974.18,525.88,48.30,66.69,0.65
1067,16,970.72,532.66,48.56,72.61,0.75
1067,17,684.00,433.00,144.00,81.00,0.83
1068,16,968.12,537.59,47.33,73.31,0.72
1068,17,700.80,401.00,135.20,93.80,0.85
1069,16,963.79,542.06,48.92,77.59,0.74
1069,17,704.89,372.37,135.83,99.82,0.84
1070,16,959.61,548.20,48.85,77.90,0.69
1070,17,720.29,338.76,122.71,105.77,0.86
1071,16,956.73,553.76,46.18,76.70,0.65
1071,17,722.38,321.22,107.58,109.14,0.85
1072,16,955.04,559.05,43.83,72.26,0.54
1072,17,734.34,313.14,96.64,94.95,0.81
1073,17,743.53,320.97,63.76,67.20,0.64
1075,16,947.34,571.63,44.72,67.71,0.55
1081,16,939.63,590.14,44.06,73.59,0.55
1108,18,649.00,594.00,136.00,67.00,0.73
1109,18,654.60,598.80,133.60,63.80,0.74
1110,18,685.14,602.87,112.98,60.83,0.62
1118,19,670.00,533.00,84.00,151.00,0.76
1119,19,670.80,513.00,76.80,160.60,0.64
1120,19,666.99,497.14,76.17,157.13,0.85
1121,19,659.49,482.21,79.93,159.80,0.82
1122,19,651.38,472.03,84.04,162.19,0.87
1123,19,641.76,464.84,92.41,167.28,0.84
1124,19,632.45,457.89,102.02,170.40,0.85
1128,19,623.53,452.16,123.86,161.19,0.52
1129,19,623.31,450.70,126.52,161.39,0.72
1130,19,627.18,448.83,125.55,162.11,0.63
1131,19,633.37,445.61,121.19,163.08,0.65
1132,19,637.85,445.24,120.10,162.14,0.81
1133,19,642.20,443.26,117.68,163.15,0.85
1134,19,647.87,442.65,112.10,162.22,0.84
1134,18,954.97,611.03,137.97,104.95,0.68
1135,19,650.71,441.89,109.96,163.23,0.84
1135,18,957.24,607.69,140.40,109.24,0.72
1136,19,653.08,441.71,107.85,163.62,0.85
1136,18,957.00,602.99,144.53,112.95,0.68
1137,19,656.62,441.08,105.74,163.78,0.84
1137,18,958.49,599.81,144.81,116.90,0.51
1138,19,658.57,439.62,104.99,164.51,0.81
1139,19,659.24,438.48,104.07,166.12,0.75
1139,18,963.94,597.82,137.65,119.78,0.70
1140,19,660.12,438.13,105.10,165.41,0.76
1140,18,965.26,597.49,132.84,119.94,0.78
1141,19,660.40,438.08,105.51,165.79,0.70
1141,18,968.29,597.36,126.50,119.35,0.79
1142,19,659.80,438.13,106.34,165.28,0.68
1142,18,969.06,597.95,124.92,118.47,0.83
1143,19,659.54,438.21,106.67,164.42,0.73
1143,18,968.44,598.81,126.43,117.48,0.82
1144,19,658.75,436.31,108.13,165.43,0.77
1145,19,658.43,435.64,108.69,165.15,0.81
1146,19,658.29,435.45,110.22,165.04,0.84
1147,19,658.23,435.42,110.80,163.02,0.84
1148,19,659.50,435.46,111.01,163.59,0.86
1148,18,965.58,593.75,131.42,122.48,0.74
1149,19,660.63,434.84,111.08,165.13,0.86
1149,18,972.02,591.83,120.49,124.33,0.72
1150,19,661.04,433.99,111.76,164.39,0.85
1150,18,981.74,592.48,103.58,123.66,0.73
1151,19,663.15,433.70,110.69,163.45,0.87
1151,18,992.17,592.74,86.84,122.72,0.82
1152,19,664.60,433.62,110.27,163.10,0.87
1153,19,665.78,433.63,108.79,162.97,0.87
1154,19,668.18,434.31,106.90,161.61,0.86
1154,18,990.35,597.97,75.84,117.95,0.65
1155,19,670.39,433.27,106.20,159.11,0.86
1155,18,989.56,598.84,72.06,117.14,0.83
1156,19,671.83,432.90,105.95,158.85,0.87
1156,18,988.61,599.79,70.90,116.87,0.82
1157,19,674.32,431.46,105.87,160.77,0.88
1157,18,988.95,599.46,68.48,116.13,0.81
1158,19,676.54,430.94,106.51,161.50,0.88
1158,18,986.98,597.98,67.68,117.86,0.81
1159,19,677.32,428.78,107.43,161.13,0.89
1159,18,986.97,598.08,65.40,117.86,0.83
1160,19,679.54,426.67,108.44,160.99,0.90
1160,18,986.97,596.78,62.58,119.20,0.83
1161,19,684.28,426.57,108.82,157.64,0.88
1161,18,988.36,593.65,55.41,121.68,0.84
1162,19,688.66,425.91,110.29,154.38,0.88
1162,18,989.58,595.09,50.10,121.31,0.76
1163,19,696.16,429.71,110.18,140.47,0.89
1163,18,991.42,594.34,47.04,121.16,0.81
1164,19,708.16,440.88,108.81,111.77,0.85
1164,18,993.43,595.37,44.74,121.10,0.76
1165,19,726.52,460.58,103.64,70.38,0.73
1165,18,991.93,595.77,44.82,120.41,0.80
1166,19,750.80,445.52,92.25,89.42,0.86
1166,18,992.11,597.25,44.23,118.82,0.76
1167,19,775.54,428.37,82.45,109.07,0.86
1167,18,991.46,600.46,46.21,116.89,0.78
1168,19,798.57,412.85,76.34,123.76,0.83
1168,18,991.90,604.32,47.61,112.18,0.78
1169,19,817.18,398.36,76.56,128.00,0.78
1169,18,990.72,607.09,48.85,109.76,0.79
1170,19,834.13,386.85,78.77,114.22,0.86
1170,18,991.59,608.07,48.69,108.91,0.80
1171,19,840.42,378.62,87.74,101.51,0.85
1171,18,991.25,608.38,47.99,108.64,0.80
1172,19,847.13,371.86,90.34,91.99,0.83
1172,18,991.12,609.13,47.76,107.90,0.78
1173,19,850.46,361.44,92.06,92.22,0.80
1173,18,991.74,610.03,48.37,106.33,0.76
1174,19,851.94,348.53,91.41,92.33,0.75
1174,18,991.30,611.00,47.95,105.12,0.75
1175,19,854.01,336.02,89.84,91.74,0.77
1175,18,991.79,611.99,47.15,104.04,0.77
1176,19,855.72,323.66,85.26,97.66,0.79
1176,18,991.97,613.65,46.87,103.01,0.76
1177,19,851.16,320.00,82.19,88.03,0.81
1177,18,991.37,615.57,47.46,100.66,0.74
1178,19,851.89,317.33,72.98,75.17,0.74
1178,18,991.14,616.91,47.69,99.16,0.70
1179,19,853.06,317.77,62.59,65.63,0.73
1179,18,991.72,617.36,47.13,97.98,0.69
1180,19,853.76,317.61,60.60,62.70,0.73
1180,18,990.60,617.47,48.26,97.60,0.74
1181,19,860.23,318.45,62.15,60.45,0.67
1181,18,992.16,616.81,46.06,98.84,0.66
1182,18,993.44,613.21,44.54,101.99,0.63
1184,18,997.88,607.68,41.64,108.14,0.57
1185,18,999.50,605.07,40.41,110.92,0.69
1186,18,999.35,603.46,40.69,113.24,0.81
1187,18,997.95,602.22,43.48,115.39,0.81
1188,18,997.43,600.47,44.50,117.49,0.78
1189,18,997.21,599.18,44.89,117.61,0.71
1190,18,997.77,598.07,43.07,118.26,0.73
1191,18,996.65,597.02,43.69,119.12,0.73
1192,18,994.92,596.66,43.92,120.06,0.76
1193,18,994.26,595.90,44.66,121.04,0.79
1194,18,992.05,595.65,46.90,121.38,0.82
1195,18,990.57,594.27,49.04,121.46,0.83
1196,18,990.01,593.78,50.50,121.46,0.84
1197,18,987.88,594.28,51.05,122.09,0.79
1198,18,985.13,593.19,52.54,122.95,0.81
1199,18,982.80,594.12,54.38,122.60,0.82
1200,18,980.64,595.81,55.07,121.11,0.84
1201,18,979.18,596.48,54.67,119.86,0.83
1202,18,978.01,598.07,53.17,117.39,0.79
1203,18,976.29,601.35,51.91,114.45,0.83
1204,18,973.70,603.91,51.41,111.34,0.80
1205,18,973.44,604.84,50.55,110.21,0.83
1206,18,972.07,604.49,50.89,111.83,0.83
1207,18,970.28,603.68,51.67,112.45,0.83
1208,18,970.30,602.69,51.30,113.36,0.83
1209,18,969.71,600.98,51.81,114.38,0.78
1210,18,969.52,602.31,53.31,114.11,0.69
1211,18,970.79,599.51,53.22,115.99,0.77
1212,18,971.32,598.45,53.83,116.70,0.80
1213,18,970.90,598.06,54.05,116.97,0.77
1214,18,970.10,597.92,53.47,117.06,0.74
1215,18,966.52,598.54,54.55,117.09,0.78
1216,18,963.24,598.78,56.26,117.09,0.74
1216,20,733.00,320.00,87.00,100.00,0.84
1217,18,958.77,598.88,57.55,117.08,0.79
1217,20,716.20,330.40,108.60,126.40,0.86
1218,18,953.84,600.90,59.98,114.44,0.82
1218,20,703.18,365.74,125.35,120.41,0.88
1219,18,951.35,601.67,59.61,113.43,0.83
1219,20,685.50,428.36,141.72,94.95,0.79
1220,18,946.54,602.62,60.73,113.06,0.83
1220,20,672.84,490.50,145.11,70.85,0.72
1221,18,941.52,603.63,63.09,112.93,0.83
1222,18,939.66,604.00,62.04,112.23,0.84
1222,20,665.88,579.83,125.06,107.96,0.55
1223,18,935.11,604.79,62.24,111.31,0.83
1224,18,932.82,605.73,61.64,109.65,0.84
1225,18,932.71,605.40,60.73,109.71,0.84
1226,18,933.43,605.93,59.04,109.09,0.83
1226,21,691.00,605.00,227.00,105.00,0.71
1227,18,933.14,605.44,59.06,109.54,0.84
1228,18,933.09,605.25,59.06,110.38,0.83
1229,18,933.81,607.15,59.72,109.39,0.84
1230,18,934.13,608.52,59.96,108.36,0.84
1231,18,934.30,609.68,60.70,106.66,0.84
1232,18,934.41,610.76,60.98,105.37,0.83
1233,18,934.49,612.48,61.08,104.91,0.83
1234,18,934.55,614.42,60.44,102.77,0.83
1235,18,934.61,615.78,60.20,101.32,0.83
1236,18,935.32,616.25,59.44,100.82,0.84
1237,18,936.28,616.38,58.48,100.67,0.84
1238,18,937.99,616.40,59.46,100.64,0.84
1239,18,940.60,615.71,59.82,101.99,0.86
1240,18,944.90,615.43,57.98,101.85,0.86
1241,18,947.19,615.30,58.61,101.82,0.84
1242,18,950.00,615.24,58.18,101.82,0.84
1243,18,953.02,615.20,58.03,101.83,0.82
1244,18,953.44,614.51,58.63,102.51,0.81
1245,18,954.88,614.24,58.86,102.78,0.84
1246,18,956.03,612.81,58.95,103.54,0.82
1246,22,640.00,611.00,122.00,82.00,0.73
1247,18,954.44,612.27,60.31,103.84,0.84
1247,22,636.80,605.40,123.60,86.80,0.78
1248,18,953.81,613.38,60.81,103.29,0.83
1248,22,628.51,599.04,133.88,94.52,0.68
1249,18,954.85,614.47,59.69,103.08,0.85
1250,18,951.89,615.53,61.24,101.02,0.76
1251,18,950.13,616.60,61.16,99.58,0.82
1251,22,580.33,585.70,212.10,105.37,0.62
1252,18,948.78,616.98,61.77,99.72,0.80
1252,22,584.20,578.76,199.51,107.68,0.54
1253,18,945.64,616.45,63.31,100.45,0.78
1253,22,584.31,573.03,195.67,115.19,0.73
1254,18,943.15,614.91,63.89,102.06,0.83
1254,22,586.66,566.43,157.82,111.41,0.61
1255,18,939.59,611.70,65.40,104.64,0.78
1256,18,938.90,607.87,65.32,108.24,0.83
1256,22,584.13,546.35,158.13,142.96,0.68
1257,18,936.05,603.82,65.26,112.84,0.87
1258,18,936.31,599.70,65.23,116.53,0.87
1259,18,939.73,593.62,63.23,122.45,0.73
1260,18,943.08,588.11,61.78,127.26,0.77
1260,22,558.42,532.90,93.08,117.43,0.56
1261,18,947.02,584.72,63.91,131.65,0.83
1262,18,947.80,582.81,65.34,133.31,0.83
1262,22,554.92,535.00,81.53,111.73,0.52
1263,18,948.08,583.44,66.54,132.60,0.78
1264,18,947.53,585.72,65.68,130.28,0.82
1265,18,947.29,588.64,64.01,127.34,0.81
1266,18,946.52,589.82,64.69,125.51,0.80
1266,22,564.21,551.65,80.05,104.74,0.53
1267,18,948.21,591.62,62.31,123.45,0.84
1267,22,569.27,557.53,76.43,104.01,0.67
1268,18,947.50,592.34,62.73,121.99,0.80
1269,18,947.90,593.29,64.21,120.76,0.80
1269,22,575.19,567.57,117.92,137.12,0.61
1270,18,948.04,595.66,64.76,118.95,0.82
1270,22,616.68,609.16,85.21,104.53,0.70
1271,18,948.09,597.23,65.63,117.61,0.82
1271,22,643.45,628.23,62.43,89.47,0.54
1272,18,948.10,598.47,65.95,115.78,0.84
1273,18,950.07,598.93,64.75,115.11,0.80
1274,18,951.47,601.09,64.28,114.21,0.86
1275,18,950.66,603.21,66.09,112.56,0.83
1275,23,556.00,609.00,142.00,89.00,0.73
1276,18,952.31,604.65,66.76,111.30,0.82
1276,23,552.80,607.40,147.60,87.40,0.73
1277,18,952.27,605.16,68.32,110.86,0.78
1277,23,547.62,609.42,151.71,81.66,0.72
1278,18,951.59,605.31,69.56,110.05,0.73
1278,23,540.49,610.07,155.42,80.61,0.66
1279,18,951.97,605.34,70.02,110.45,0.73
1279,23,532.42,607.91,158.00,83.50,0.72
1280,18,952.10,605.32,70.18,110.62,0.72
1280,23,524.91,607.21,158.03,84.46,0.77
1281,18,952.79,605.96,70.22,109.38,0.77
1281,23,516.94,606.28,157.91,86.93,0.79
1282,18,953.70,606.17,68.25,108.93,0.77
1282,23,510.91,604.59,157.78,90.54,0.73
1283,18,954.03,606.23,66.81,108.79,0.76
1283,23,506.95,604.65,158.34,91.18,0.73
1284,18,953.48,606.24,66.93,108.76,0.78
1284,23,504.40,605.37,157.82,94.05,0.75
1285,18,953.26,606.22,66.98,108.76,0.76
1285,23,502.37,605.66,156.90,95.75,0.68
1286,18,952.50,606.20,66.34,108.78,0.73
1286,23,501.17,606.44,155.18,98.98,0.64
1287,18,952.21,606.84,66.76,108.81,0.72
1287,23,501.60,611.95,152.50,98.22,0.52
1288,18,952.09,607.07,66.92,108.83,0.71
1288,23,502.63,610.17,150.14,101.79,0.54
1289,18,950.73,607.14,68.30,108.85,0.67
1289,23,504.51,610.79,149.27,103.11,0.61
1290,18,950.21,607.15,67.50,108.87,0.69
1290,23,503.99,609.72,149.63,104.86,0.72
1291,18,949.36,608.47,67.19,107.56,0.71
1291,23,503.89,610.59,149.78,104.18,0.72
1292,18,949.04,608.95,67.73,107.07,0.68
1292,23,503.28,610.27,150.51,105.16,0.72
1293,18,947.62,608.46,69.25,106.24,0.64
1293,23,505.11,610.80,149.47,104.84,0.68
1294,18,948.39,608.92,68.51,106.61,0.64
1294,23,507.21,611.65,147.08,103.36,0.65
1295,18,950.03,607.09,66.90,108.09,0.77
1296,18,950.00,604.42,67.61,111.94,0.73
1298,18,955.44,586.24,69.48,129.07,0.79
1299,18,963.35,575.85,69.22,139.20,0.85
1300,18,974.81,563.64,68.46,145.65,0.86
1301,18,987.01,556.29,69.50,111.49,0.87
1302,18,1000.01,544.33,69.23,82.60,0.86
1303,18,1015.39,517.99,67.13,80.61,0.73
1304,18,1028.37,468.95,76.36,109.03,0.85
1305,18,1039.36,425.32,86.55,132.50,0.86
1306,18,1046.73,386.37,98.05,152.30,0.88
1307,18,1054.50,352.04,108.23,166.15,0.89
1308,18,1061.21,324.69,114.84,171.84,0.81
1309,18,1069.32,306.64,113.14,167.09,0.54
1309,23,516.59,614.11,148.97,100.06,0.64
1310,18,1077.42,307.34,97.60,140.49,0.69
1310,23,516.30,614.11,151.10,99.95,0.65
1311,18,1083.51,310.99,79.50,111.99,0.54
1311,23,517.53,613.44,152.46,99.91,0.69
1312,23,519.30,614.52,153.62,97.90,0.62
1313,23,521.93,614.25,153.39,97.16,0.72
1314,23,524.23,614.14,153.94,97.57,0.63
1315,23,526.39,614.09,154.79,97.07,0.66
1316,23,527.17,614.07,155.76,97.57,0.64
1317,23,528.74,614.06,156.76,98.43,0.62
1318,23,531.27,614.05,156.46,99.42,0.59
1319,23,534.16,614.04,155.01,99.80,0.55
1320,23,535.87,615.36,153.78,99.28,0.58
1321,23,535.79,614.53,153.96,99.75,0.63
1322,23,541.66,614.87,146.10,98.60,0.56
1323,23,544.50,616.99,141.73,97.51,0.63
1324,23,546.14,617.77,140.85,96.43,0.56
1325,23,548.68,618.06,137.22,96.04,0.65
1326,23,546.84,618.81,138.62,95.24,0.65
1327,23,546.78,619.08,137.84,94.96,0.66
1328,23,546.70,619.16,137.60,94.86,0.69
1329,23,549.28,619.84,134.88,95.51,0.74
1330,23,544.16,621.41,139.94,93.11,0.69
1331,23,541.62,620.64,142.46,93.55,0.67
1332,23,540.62,621.67,144.09,92.40,0.68
1333,23,540.24,622.04,144.06,91.98,0.68
1334,23,540.09,622.83,144.05,91.84,0.64
1419,24,1002.00,329.00,55.00,114.00,0.78
1420,24,999.60,355.40,50.20,102.80,0.72
1421,24,996.74,386.13,46.87,85.44,0.62
1421,23,523.00,580.01,163.00,133.99,0.53
1422,24,987.72,420.83,53.21,62.36,0.68
1423,24,975.16,443.19,67.84,56.90,0.73
1423,23,524.53,581.25,159.85,132.63,0.53
1424,24,961.72,457.85,83.93,58.34,0.77
1424,23,523.50,583.77,161.91,131.44,0.72
1425,24,945.92,469.69,103.33,65.57,0.72
1425,23,523.15,585.34,162.62,129.68,0.75
1426,23,523.02,586.58,162.89,128.37,0.69
1427,23,522.98,589.04,162.98,126.56,0.53
1427,24,918.77,488.41,134.92,76.96,0.75
1428,24,901.91,496.26,151.08,84.93,0.81
1429,24,888.47,503.38,162.46,87.42,0.84
1430,24,875.09,508.84,172.02,94.67,0.78
1431,24,861.76,515.78,180.17,99.96,0.88
1432,24,847.22,519.45,188.35,107.01,0.86
1433,24,836.59,525.00,192.15,111.62,0.82
1434,24,826.90,530.66,195.44,117.13,0.79
1435,24,820.15,535.15,195.98,121.73,0.81
1436,24,813.93,539.79,197.33,124.08,0.82
1437,24,810.48,545.11,195.81,125.51,0.82
1438,24,808.15,549.46,194.43,126.57,0.82
1439,24,804.27,554.72,193.79,129.42,0.67
1440,24,802.39,558.44,193.45,131.06,0.78
1441,24,801.26,560.90,193.88,133.51,0.73
1442,24,799.09,561.61,196.59,138.85,0.67
1443,24,798.45,561.06,196.26,141.48,0.75
1444,24,797.77,559.94,196.70,144.31,0.73
1445,24,798.35,559.95,196.15,144.67,0.67
1446,24,800.72,561.68,191.93,140.79,0.70
1450,24,815.56,570.71,162.84,127.17,0.66
1451,24,836.38,569.34,134.28,109.41,0.54
1452,24,835.20,564.48,133.26,118.24,0.52
1453,24,856.53,566.41,97.97,98.99,0.78
1454,24,861.89,566.84,86.38,87.06,0.65
1455,24,864.67,568.30,75.22,57.84,0.69
1456,24,869.04,569.24,62.58,43.09,0.57
1457,24,865.89,568.46,58.31,41.46,0.59
1458,24,864.24,565.19,54.38,42.55,0.68
1459,24,866.70,563.52,51.41,44.47,0.66
1460,24,863.61,560.15,57.62,50.90,0.61
1461,24,868.19,556.37,52.50,45.18,0.65
1462,24,873.48,552.11,49.51,43.01,0.68
1463,24,878.72,547.94,48.73,43.07,0.60
1464,24,869.10,539.71,64.78,89.91,0.68
1465,24,871.73,533.14,69.04,101.35,0.67
1466,24,882.38,527.60,67.13,73.75,0.55
1467,24,891.27,521.32,68.32,75.21,0.57
1468,24,904.30,513.44,64.21,74.59,0.74
1469,24,928.70,505.97,47.84,54.33,0.59
1470,24,941.52,487.35,42.97,54.45,0.61
1471,24,952.38,465.53,57.59,64.67,0.62
1472,24,961.72,435.82,71.54,81.42,0.84
1473,24,970.91,407.70,79.27,92.39,0.87
1474,24,981.30,381.82,83.79,101.30,0.62
1475,24,1006.48,354.77,68.80,87.34,0.74
1476,24,1023.39,337.48,61.21,79.82,0.67
1477,24,1028.95,325.62,63.34,70.93,0.65
1478,24,1026.28,319.97,70.63,61.97,0.52
1668,25,392.00,561.00,166.00,69.00,0.77
1669,25,392.00,560.20,165.20,71.40,0.77
1670,25,392.00,559.29,164.27,72.62,0.80
1671,25,390.44,558.97,164.75,73.04,0.78
1672,25,389.96,558.89,164.92,73.88,0.80
1673,25,389.83,558.17,164.98,74.85,0.80
1674,25,391.22,557.93,165.00,75.17,0.76
1675,25,391.04,561.30,165.70,72.50,0.80
1676,25,389.62,562.56,169.36,71.48,0.66
1689,25,386.06,534.52,103.14,98.57,0.51
1692,25,394.79,535.07,101.74,99.25,0.59
1693,26,779.00,625.00,120.00,90.00,0.72
1694,26,780.60,631.40,116.80,82.80,0.56
1695,25,402.75,550.67,97.63,86.43,0.55
1696,25,408.92,548.27,93.44,90.12,0.54
1696,26,789.10,621.00,112.46,93.01,0.60
1697,25,410.20,545.60,94.17,94.48,0.64
1698,25,413.99,544.60,93.78,96.12,0.69
1699,25,415.31,546.17,94.34,96.10,0.65
1700,25,417.74,548.08,93.24,94.77,0.58
1710,25,408.75,552.95,107.56,94.02,0.56
1711,25,419.96,553.12,97.75,93.99,0.63
1712,25,426.97,553.18,91.90,93.98,0.60
1989,27,1029.00,349.00,106.00,75.00,0.74
1990,27,1023.40,353.00,106.00,81.40,0.80
1991,27,1019.24,358.25,100.60,85.60,0.68
1992,27,1015.46,360.14,95.62,95.34,0.67
1993,27,1013.73,360.70,88.14,104.88,0.72
1994,27,1011.08,360.82,83.08,115.61,0.69
1995,27,1009.66,362.09,78.05,124.76,0.77
1996,27,1007.86,365.72,73.77,130.09,0.82
1997,27,1005.20,373.52,72.66,128.74,0.83
1998,27,1003.00,382.44,71.04,123.92,0.83
1999,27,1000.23,382.54,72.79,124.99,0.84
2000,27,997.97,384.44,74.16,124.61,0.84
2001,27,996.57,382.46,76.12,125.58,0.84
2002,27,997.48,380.94,75.56,126.46,0.83
2003,27,999.26,382.88,74.07,125.35,0.83
2004,27,1000.00,385.53,74.26,124.78,0.86
2005,27,1000.98,391.07,72.36,123.80,0.83
2006,27,1000.72,403.65,73.06,122.66,0.87
2007,27,997.99,420.22,77.35,120.83,0.84
2008,27,996.34,441.61,82.20,118.73,0.84
2009,27,995.10,462.76,87.94,117.22,0.86
2010,27,994.64,485.05,95.26,116.62,0.80
2010,28,836.00,499.00,99.00,52.00,0.74
2011,27,994.49,512.32,100.01,109.07,0.79
2011,28,836.00,499.80,99.00,50.40,0.73
2012,27,996.36,535.72,106.94,105.47,0.71
2012,28,832.15,499.18,102.08,49.31,0.65
2013,27,999.01,563.33,109.01,94.69,0.72
2013,28,825.49,499.77,109.24,49.75,0.62
2015,27,1000.55,610.81,116.33,81.58,0.58
