437,1,871.00,526.00,111.00,76.00,0.70
438,1,856.60,526.80,125.40,99.20,0.74
439,1,848.75,526.94,132.51,102.58,0.67
440,1,839.17,526.27,144.04,112.02,0.71
441,1,838.80,526.03,144.41,113.90,0.74
442,1,841.87,525.95,141.30,122.60,0.70
463,2,933.00,335.00,147.00,131.00,0.77
464,2,917.00,358.20,155.80,135.80,0.78
467,3,862.00,485.00,84.00,100.00,0.71
468,3,850.00,513.80,78.40,88.80,0.64
469,3,837.40,505.16,133.23,119.35,0.63
470,3,830.56,502.30,154.73,138.17,0.74
471,3,824.10,501.47,165.75,152.89,0.56
472,3,821.69,501.37,167.99,159.28,0.62
474,3,821.53,503.09,164.80,153.66,0.54
477,3,818.12,505.36,165.50,135.39,0.75
478,3,813.74,505.02,168.68,133.17,0.74
479,3,808.27,504.95,173.73,135.21,0.76
480,3,799.02,504.87,183.43,137.33,0.81
481,3,788.41,505.44,193.54,136.83,0.64
482,3,779.18,505.60,202.54,136.01,0.56
483,3,769.85,507.60,213.01,126.38,0.61
510,4,673.00,592.00,101.00,116.00,0.72
511,4,671.40,582.40,106.60,120.80,0.61
512,4,668.07,568.40,114.48,127.04,0.71
513,4,665.40,549.97,104.64,145.02,0.58
514,4,668.50,532.16,81.51,157.28,0.56
515,4,671.29,517.16,78.03,164.90,0.56
516,4,668.15,504.67,79.47,179.94,0.66
517,4,678.01,496.99,58.43,138.86,0.61
518,4,684.06,493.61,51.67,115.95,0.75
519,4,686.21,491.72,53.40,108.48,0.73
528,5,625.00,533.00,115.00,105.00,0.78
529,5,626.60,532.20,115.80,105.00,0.71
530,5,631.52,533.59,113.65,105.00,0.64
531,5,636.31,537.16,116.06,103.44,0.72
532,5,639.89,538.99,119.08,105.98,0.74
534,5,643.69,545.48,121.71,106.06,0.64
543,2,1015.99,340.00,144.00,114.00,0.65
548,6,911.00,574.00,95.00,101.00,0.74
549,6,903.00,598.80,88.60,98.60,0.74
550,5,704.93,578.07,124.97,106.00,0.55
551,5,706.86,576.58,123.67,101.84,0.54
551,6,892.08,623.39,97.15,89.92,0.69
552,5,709.50,575.40,117.91,82.90,0.62
552,6,896.78,639.94,92.78,77.45,0.69
553,5,709.62,574.03,115.07,73.54,0.62
553,6,903.13,652.60,82.23,66.32,0.57
554,5,707.51,575.00,118.11,78.72,0.60
555,5,704.02,579.38,122.55,97.23,0.69
556,5,700.01,583.46,123.57,79.51,0.61
557,5,697.08,587.21,125.27,97.30,0.64
558,5,701.18,589.73,120.66,103.90,0.74
559,5,702.72,590.68,119.52,107.24,0.83
560,5,704.59,590.97,117.11,107.86,0.84
561,5,704.58,591.00,114.88,108.02,0.83
562,5,704.52,590.95,113.40,108.65,0.84
563,5,703.80,592.16,112.21,110.13,0.86
564,5,702.15,593.23,111.13,110.00,0.86
565,5,700.85,593.59,110.76,109.88,0.85
566,5,700.35,593.67,110.66,109.77,0.86
567,5,700.16,593.65,110.65,109.03,0.86
568,5,700.75,593.59,110.67,108.70,0.85
569,5,700.96,593.53,110.71,108.53,0.84
570,5,701.70,594.79,111.40,107.12,0.83
571,5,701.31,597.22,111.68,105.89,0.82
572,5,700.50,598.76,111.80,108.73,0.82
573,5,700.84,602.58,111.19,109.77,0.81
574,5,700.31,606.62,110.97,107.52,0.67
576,5,698.48,615.51,161.68,100.16,0.51
577,5,698.07,619.37,167.04,97.02,0.78
578,5,696.67,623.35,163.49,92.58,0.68
579,5,698.65,628.77,154.07,87.61,0.67
580,5,702.73,634.72,139.00,81.76,0.59
581,5,702.28,640.86,127.61,76.29,0.60
582,5,700.07,640.00,119.98,76.63,0.68
583,5,695.18,628.67,115.85,86.40,0.81
584,5,686.62,625.38,117.79,89.79,0.82
585,5,681.58,622.70,119.16,91.18,0.83
586,5,671.12,622.95,130.34,91.73,0.84
587,5,664.72,623.04,142.15,91.93,0.84
588,5,662.93,623.73,146.77,91.35,0.84
589,5,666.85,623.98,137.65,91.13,0.81
590,5,670.66,624.07,133.77,91.04,0.81
591,5,672.82,623.43,129.64,91.67,0.79
592,5,679.06,623.19,130.72,91.91,0.73
593,5,687.33,622.43,121.20,93.31,0.76
594,5,694.00,620.83,111.34,93.84,0.74
595,5,696.40,620.22,112.66,94.03,0.73
596,5,693.16,620.00,133.33,94.09,0.68
597,5,688.28,619.92,141.24,95.43,0.72
598,5,676.02,619.25,155.92,95.92,0.80
599,5,666.83,619.00,162.27,95.44,0.88
600,5,687.77,618.25,131.22,91.95,0.76
601,5,701.19,616.64,112.51,85.92,0.82
602,5,699.34,615.38,110.40,80.27,0.83
603,5,698.05,614.95,109.04,77.59,0.83
604,5,692.10,613.44,113.37,79.44,0.75
605,5,694.59,612.93,108.98,79.46,0.76
606,5,696.93,612.09,103.24,79.51,0.68
607,5,665.50,610.47,131.42,80.24,0.71
608,5,674.68,609.23,131.48,77.87,0.67
609,5,661.07,608.13,160.31,78.36,0.65
610,5,656.57,606.42,169.84,79.89,0.77
611,5,659.78,604.49,171.86,79.82,0.74
612,5,668.87,603.14,162.97,73.85,0.79
613,5,681.20,600.64,149.33,70.90,0.72
614,5,693.42,598.43,135.18,71.94,0.73
615,5,689.79,598.35,135.98,78.35,0.74
616,5,692.52,598.33,136.91,89.74,0.62
617,5,683.61,602.70,168.35,100.97,0.50
618,5,679.21,605.13,160.11,104.91,0.72
619,5,674.06,606.81,162.48,106.45,0.63
620,5,705.80,608.77,134.81,94.87,0.67
621,5,716.92,608.24,148.32,96.68,0.62
622,5,712.77,609.36,156.48,90.80,0.55
623,5,695.60,609.13,188.57,93.12,0.57
624,5,673.91,609.05,171.59,99.18,0.63
625,5,662.09,611.59,161.24,100.17,0.74
626,5,655.08,612.60,153.22,97.26,0.53
627,5,647.91,612.32,152.18,89.44,0.74
630,5,639.68,609.60,150.50,104.43,0.53
684,7,912.00,343.00,74.00,132.00,0.76
685,7,884.80,378.20,83.60,128.80,0.81
686,7,842.01,413.78,96.48,132.06,0.81
687,7,785.82,462.50,116.81,121.58,0.79
688,7,732.92,513.05,144.61,99.34,0.66
689,7,680.62,552.28,160.77,79.47,0.74
690,7,645.89,570.06,161.58,81.87,0.76
691,7,620.72,581.81,153.94,72.49,0.77
692,7,611.39,582.60,135.04,65.58,0.79
693,7,605.76,580.73,123.24,60.96,0.67
694,7,605.24,579.34,111.79,56.20,0.64
695,7,606.80,569.88,101.75,55.89,0.54
761,8,911.00,326.00,74.00,97.00,0.79
762,8,907.00,335.60,71.60,102.60,0.79
763,8,900.77,354.07,70.35,108.20,0.80
764,8,885.34,379.33,70.74,104.18,0.76
765,8,865.79,404.50,68.63,113.86,0.79
766,8,832.64,422.73,79.76,123.14,0.83
767,8,791.38,440.17,96.55,131.16,0.75
768,8,743.83,459.27,115.47,135.40,0.72
769,8,670.60,481.62,160.15,136.84,0.72
770,8,638.10,504.61,169.15,123.46,0.77
771,8,612.89,518.41,176.81,114.32,0.80
772,8,594.69,521.10,182.14,112.31,0.84
773,8,582.55,520.17,198.83,112.94,0.84
774,8,575.53,518.60,206.04,112.48,0.83
775,8,576.17,517.40,206.20,112.28,0.81
776,8,576.30,516.47,208.35,111.53,0.83
777,8,579.00,515.04,206.38,109.23,0.82
778,8,587.40,515.44,198.21,102.99,0.82
779,8,593.04,512.44,195.87,103.40,0.73
780,8,595.77,511.89,195.42,97.53,0.73
781,8,597.40,509.98,196.34,95.36,0.65
782,8,597.24,510.51,196.51,93.28,0.73
783,8,595.72,512.58,198.34,89.87,0.76
784,8,594.89,514.54,197.59,86.65,0.77
785,8,595.00,516.48,197.78,86.95,0.77
786,8,594.08,517.08,198.38,87.11,0.78
787,8,595.35,517.19,198.49,91.27,0.71
788,8,594.81,517.17,199.73,91.50,0.78
789,8,594.85,517.06,200.10,93.62,0.80
790,8,596.40,516.96,190.97,99.68,0.77
791,8,599.31,517.53,185.97,105.82,0.70
792,8,600.55,518.35,190.79,117.15,0.57
823,9,945.00,342.00,68.00,116.00,0.83
824,9,916.20,353.20,79.20,155.20,0.80
825,9,881.62,390.79,91.51,171.13,0.81
826,9,828.46,434.55,133.37,197.46,0.63
827,9,765.97,481.66,144.25,180.05,0.88
828,9,657.02,517.71,201.08,173.22,0.78
836,10,604.00,517.00,198.00,158.00,0.76
837,10,604.80,517.00,199.60,158.00,0.78
838,10,605.72,517.77,199.91,160.31,0.73
841,10,604.20,519.06,198.13,165.71,0.67
854,10,583.19,561.65,186.13,152.18,0.55
855,10,581.21,569.22,183.68,146.75,0.57
856,10,577.87,576.33,181.57,141.00,0.81
857,10,575.37,583.52,178.81,132.84,0.79
858,10,571.83,592.84,177.17,121.67,0.71
859,10,568.58,604.35,173.25,111.52,0.75
860,10,564.77,618.71,168.49,96.15,0.71
861,10,564.15,633.44,154.61,83.20,0.69
862,10,561.99,648.83,143.35,66.81,0.65
863,10,585.19,663.73,77.90,52.32,0.58
1112,11,1000.00,650.00,72.00,66.00,0.75
1167,12,439.00,150.00,75.00,64.00,0.70
1168,12,439.00,150.00,71.80,66.40,0.71
1169,12,439.00,150.76,71.17,68.38,0.68
1170,12,439.00,150.26,70.97,73.64,0.75
1171,12,438.24,150.80,73.20,75.34,0.80
1172,12,438.00,151.69,73.92,74.39,0.79
1173,12,438.63,150.62,107.05,71.82,0.66
1174,12,437.07,150.21,115.86,68.72,0.52
1186,13,802.00,130.00,106.00,127.00,0.76
1187,13,814.80,130.80,94.80,129.40,0.54
1197,14,935.00,94.00,180.00,196.00,0.71
1198,14,935.80,93.20,179.20,196.00,0.64
1199,14,933.64,92.28,180.59,196.00,0.75
1200,14,932.92,92.74,182.60,197.56,0.64
1201,14,933.50,92.92,180.22,196.55,0.59
1202,14,932.29,92.98,183.00,197.63,0.56
1204,13,786.05,130.00,122.95,128.00,0.55
1300,15,604.00,315.00,187.00,163.00,0.79
1301,15,596.80,319.00,187.00,193.40,0.91
1302,15,589.25,322.64,190.08,219.32,0.87
1303,15,581.31,353.72,198.83,208.11,0.83
1304,15,578.94,395.88,208.14,172.15,0.86
1305,15,586.75,445.32,206.97,117.69,0.83
1319,16,584.00,517.00,174.00,109.00,0.87
1320,16,581.60,519.40,174.00,107.40,0.86
1321,16,578.05,526.06,174.00,103.22,0.85
1322,16,571.42,529.04,172.44,101.05,0.82
1323,16,567.20,532.79,171.96,99.77,0.85
1324,16,563.11,535.28,171.83,100.94,0.83
1325,16,559.78,539.52,171.11,98.56,0.78
1325,17,559.00,330.00,90.00,87.00,0.79
1326,16,556.70,543.66,171.57,97.07,0.70
1327,18,561.00,322.00,158.00,193.00,0.75
1328,18,554.60,350.80,165.20,205.80,0.69
1329,18,545.79,396.99,178.72,244.44,0.81
1330,18,549.35,475.95,169.41,205.94,0.57
1331,18,551.05,519.16,166.20,172.82,0.60
1332,18,547.99,532.34,168.81,161.24,0.61
1333,18,549.79,522.66,167.60,172.08,0.60
1334,18,557.43,513.42,167.16,185.16,0.61
1335,18,568.42,534.35,157.41,165.73,0.67
1336,18,573.80,538.07,174.73,158.94,0.60
1337,18,580.86,535.94,167.54,158.24,0.59
1338,18,592.25,528.55,141.55,162.29,0.65
1339,18,603.42,521.54,133.06,165.20,0.59
1347,18,602.08,521.86,159.95,164.92,0.70
1348,18,597.17,521.13,149.44,165.02,0.67
1349,18,594.49,496.36,163.62,192.25,0.57
1350,18,594.17,486.30,169.95,202.60,0.53
1352,18,585.26,502.18,156.27,190.16,0.52
1354,18,574.03,513.50,162.12,171.56,0.63
1357,18,568.46,441.18,167.19,188.06,0.55
1358,18,562.39,400.97,162.48,179.43,0.70
1359,18,555.59,360.68,162.79,188.11,0.72
1360,18,556.44,331.37,159.61,179.55,0.84
1361,18,551.54,322.64,165.06,167.37,0.79
1362,18,556.31,326.34,122.63,128.75,0.65
1363,18,558.69,327.36,99.48,97.78,0.64
1364,18,564.00,327.16,88.34,59.12,0.53
1365,19,584.00,534.00,188.00,73.00,0.78
1366,19,584.80,533.20,184.00,67.40,0.82
1367,19,587.28,528.30,175.46,67.08,0.84
1368,19,591.29,524.40,169.49,66.20,0.81
1369,19,593.91,520.33,166.47,65.94,0.81
1370,19,597.57,516.26,164.29,65.15,0.71
1371,19,600.81,512.92,157.28,63.47,0.55
1374,19,606.77,500.20,93.43,48.84,0.60
1380,19,619.27,480.59,91.82,69.09,0.53
1381,19,616.34,461.18,138.07,97.08,0.65
1382,19,614.82,433.33,150.64,131.24,0.75
1383,19,612.31,405.02,155.53,160.18,0.86
1384,19,610.63,374.32,157.88,186.58,0.87
1385,19,609.97,344.50,161.72,207.47,0.88
1386,19,610.35,326.41,167.47,206.81,0.88
1387,19,610.53,319.02,167.70,187.54,0.72
1388,19,609.99,319.74,131.82,153.19,0.73
1389,19,607.72,323.48,108.06,111.05,0.67
1432,20,1007.00,306.00,101.00,115.00,0.82
1433,20,986.20,303.60,117.00,167.80,0.86
1434,20,965.50,301.84,146.36,214.75,0.89
1435,20,935.48,302.36,178.35,270.68,0.91
1436,20,897.25,306.88,205.13,315.12,0.91
1437,20,860.98,335.63,216.33,320.32,0.92
1438,20,827.58,378.11,210.44,296.48,0.92
1439,20,800.13,424.58,198.22,248.35,0.87
1440,20,776.71,467.99,187.79,192.71,0.84
1441,20,757.60,498.69,181.21,157.34,0.61
1442,20,742.10,517.00,186.99,133.28,0.60
1443,20,678.23,509.89,251.51,147.55,0.74
1444,20,704.67,507.70,222.22,119.26,0.75
1445,20,724.67,511.70,182.41,89.20,0.76
1446,20,732.46,502.11,192.34,85.19,0.84
1447,20,733.83,496.90,192.45,90.22,0.89
1448,20,737.13,498.15,190.20,88.96,0.79
1449,20,737.07,500.61,188.40,85.36,0.75
1450,20,734.23,503.51,189.49,82.98,0.65
1451,20,731.55,505.12,188.44,83.08,0.55
1454,20,721.70,516.55,187.70,74.71,0.57
1455,20,720.14,517.22,184.34,78.31,0.52
1456,20,716.31,516.13,185.89,78.76,0.56
1457,20,713.07,515.00,187.13,79.60,0.64
1458,20,710.71,511.89,187.62,89.85,0.63
1459,20,708.69,510.13,187.81,86.65,0.60
1460,20,705.46,508.71,187.89,85.20,0.53
1461,20,702.42,506.20,188.58,85.29,0.54
1462,20,698.12,505.26,191.49,84.64,0.63
1463,20,694.67,504.93,191.93,81.07,0.67
1464,20,691.54,506.17,192.74,79.01,0.58
1465,20,689.19,507.31,193.04,78.93,0.66
1466,20,684.49,510.40,193.79,77.57,0.76
1467,20,681.54,514.24,193.41,75.74,0.74
1468,20,679.91,515.66,192.59,75.74,0.76
1469,20,677.45,516.15,193.59,75.76,0.65
1470,20,675.33,516.30,195.93,75.79,0.68
1471,20,673.99,517.00,196.81,74.48,0.73
1472,20,673.61,516.56,197.78,74.67,0.74
1473,20,672.26,516.37,198.78,74.76,0.73
1474,20,671.85,514.95,199.14,74.81,0.71
1475,20,671.13,513.74,200.57,76.17,0.68
1475,21,1024.00,311.00,98.00,139.00,0.77
1476,20,668.97,513.94,203.72,77.34,0.57
1476,21,1007.20,307.80,128.40,188.60,0.75
1477,20,665.61,513.36,208.81,79.10,0.60
1477,21,989.46,305.16,158.38,247.99,0.89
1478,20,661.80,509.86,213.98,86.95,0.55
1478,21,968.30,304.70,167.97,313.29,0.89
1479,20,660.41,504.12,215.91,101.29,0.56
1479,21,939.61,325.25,167.49,362.54,0.91
1480,21,915.50,375.35,152.20,343.38,0.90
1481,21,895.56,438.22,132.25,292.59,0.67
1483,21,874.44,531.19,98.85,140.89,0.91
1484,21,867.85,530.48,87.54,108.34,0.87
1485,21,862.49,527.04,81.75,103.79,0.88
1486,21,859.19,522.26,75.09,102.11,0.81
1486,20,761.95,496.62,88.11,189.59,0.67
1487,20,785.51,498.38,71.58,196.39,0.67
1488,20,795.06,499.29,70.85,200.35,0.79
1489,20,798.76,497.81,68.50,203.01,0.77
1489,22,882.00,504.00,64.00,107.00,0.72
1490,20,798.52,492.20,72.80,208.93,0.74
1490,22,883.60,505.60,64.00,107.00,0.78
1491,20,794.10,488.74,78.45,212.39,0.74
1491,22,878.51,502.83,70.94,110.08,0.70
1492,20,789.66,484.21,82.57,215.49,0.78
1492,22,877.51,500.36,71.10,108.82,0.63
1493,20,789.85,479.26,79.49,219.08,0.64
1494,22,865.58,486.62,69.61,116.82,0.59
1495,20,783.40,469.97,70.22,218.78,0.51
1496,22,842.31,469.27,71.48,194.20,0.56
1499,20,742.06,449.07,73.55,210.11,0.57
1500,20,731.61,442.31,90.97,211.21,0.60
1500,22,789.99,439.94,84.65,212.89,0.58
1501,20,728.46,432.13,123.65,216.20,0.75
1502,20,719.59,434.32,113.38,210.20,0.57
1503,20,713.37,431.99,122.33,209.21,0.51
1504,20,706.67,426.56,146.14,211.52,0.79
1505,20,700.40,421.31,157.95,215.03,0.78
1506,20,695.49,419.43,164.66,215.71,0.72
1507,20,692.40,418.17,169.10,217.28,0.80
1508,20,690.08,417.14,171.33,219.19,0.83
1509,20,689.33,416.84,172.03,221.21,0.79
1510,20,690.48,418.79,171.47,220.64,0.62
1511,20,689.20,420.94,172.97,222.38,0.71
1512,20,686.27,423.12,174.69,224.99,0.81
1513,20,684.62,425.96,175.20,225.95,0.70
1514,20,684.13,427.09,175.88,226.94,0.67
1515,20,685.38,428.85,175.34,227.94,0.63
1516,20,682.09,431.51,180.20,228.95,0.69
1517,20,680.92,434.49,185.19,228.64,0.76
1518,20,683.15,438.26,187.66,228.49,0.53
1519,20,687.37,440.98,189.13,229.06,0.66
1520,20,693.64,444.62,188.92,229.25,0.70
1521,20,697.44,448.59,190.67,229.96,0.79
1522,20,702.18,453.34,192.54,228.22,0.81
1523,20,707.28,456.40,193.80,226.88,0.85
1526,20,729.54,473.10,183.48,222.78,0.52
1527,20,751.90,480.21,163.20,217.29,0.55
1528,20,739.61,484.61,175.40,220.14,0.51
1532,20,711.88,498.06,189.12,212.86,0.64
1533,20,717.53,501.13,176.21,205.09,0.51
1559,20,738.83,482.38,125.23,195.04,0.63
1560,20,739.95,480.41,124.59,198.43,0.55
1561,20,737.45,479.77,127.82,202.16,0.57
1562,20,743.43,478.91,123.52,200.90,0.55
1563,20,747.03,477.97,120.59,199.05,0.62
1564,20,748.93,476.99,119.63,199.02,0.74
1565,20,750.22,476.66,119.36,199.01,0.78
1566,20,750.61,475.91,119.33,200.33,0.70
1569,20,755.70,473.91,115.44,205.16,0.58
1570,20,758.33,474.40,113.65,204.53,0.69
1571,20,759.87,473.92,112.38,205.63,0.69
1572,20,761.06,475.08,111.93,204.71,0.73
1573,20,762.79,475.55,110.45,205.66,0.77
1574,20,764.05,475.73,109.92,207.33,0.65
1575,20,765.13,475.16,108.42,209.26,0.59
1576,20,765.47,476.27,107.22,209.32,0.52
1577,20,765.55,476.70,106.80,210.63,0.51
1577,23,1051.00,303.00,96.00,112.00,0.72
1578,23,1045.40,303.00,100.00,120.00,0.79
1579,23,1041.29,306.01,101.52,125.28,0.58
1580,23,1034.50,313.86,112.79,129.41,0.67
1582,23,1019.02,327.22,116.24,143.10,0.52
1583,23,1011.55,339.33,118.14,145.83,0.72
1584,23,968.83,320.60,192.53,192.52,0.59
1584,20,765.30,477.06,106.95,211.96,0.54
1585,23,952.05,316.80,209.80,216.79,0.66
1585,20,765.16,477.07,108.39,209.93,0.73
1586,23,938.03,310.02,243.11,248.48,0.72
1586,20,767.76,475.74,106.88,209.26,0.74
1587,23,960.77,307.72,236.21,267.58,0.78
1588,23,967.51,315.81,232.03,288.12,0.72
1589,23,965.46,327.70,231.18,299.35,0.75
1590,23,968.70,342.50,218.43,303.55,0.85
1591,23,982.81,355.37,181.44,303.52,0.85
1592,23,998.12,373.12,131.11,285.27,0.82
1593,23,994.37,396.37,119.20,257.66,0.86
1594,23,965.63,423.89,147.30,222.22,0.64
1594,20,716.57,479.77,119.41,213.78,0.73
1595,20,715.56,479.33,118.81,214.73,0.59
1599,20,678.31,461.52,336.27,250.39,0.53
1601,23,888.56,565.40,128.14,99.09,0.52
1602,23,881.31,573.83,118.65,95.24,0.57
1603,23,876.31,578.19,112.42,95.86,0.64
1606,20,755.76,474.16,109.61,224.93,0.63
1607,23,857.95,582.08,128.09,132.31,0.62
1608,23,863.81,611.50,117.07,107.28,0.58
1609,23,847.03,538.21,128.15,179.49,0.55
1612,23,801.06,518.54,163.47,198.95,0.61
1613,23,794.58,521.21,166.85,195.22,0.79
1614,23,790.42,521.52,164.29,195.14,0.79
1615,23,789.80,520.96,156.67,195.11,0.85
1616,23,789.94,518.75,148.97,196.39,0.81
1617,23,788.32,516.58,146.67,198.18,0.77
1618,23,786.60,515.73,149.77,199.50,0.77
1619,23,784.82,514.73,152.21,200.65,0.81
1620,23,784.35,514.34,153.11,199.76,0.79
1621,23,787.01,514.18,160.62,197.43,0.77
1622,23,785.54,516.09,165.36,195.87,0.81
1623,23,783.82,517.47,169.73,195.28,0.83
1624,23,782.64,518.63,170.72,193.08,0.78
1625,23,781.03,520.38,172.96,192.91,0.62
1626,23,779.87,524.32,177.64,189.55,0.85
1627,23,778.88,527.78,181.96,185.63,0.63
1628,23,777.31,529.70,182.26,183.53,0.74
1629,23,776.81,531.02,182.92,181.46,0.69
1630,23,776.06,530.79,183.74,182.07,0.66
1652,23,778.77,513.21,207.84,202.86,0.55
1654,23,778.38,510.45,208.97,204.75,0.55
1655,23,778.32,509.31,210.34,205.62,0.72
1656,23,778.29,508.26,210.83,206.59,0.77
1657,23,778.26,505.90,211.01,208.26,0.71
1662,23,784.62,491.13,191.86,211.70,0.63
1663,23,778.69,487.78,191.47,222.27,0.82
1664,23,773.55,485.34,191.31,226.44,0.84
1665,23,768.33,482.52,191.30,228.01,0.80
1666,23,763.74,482.80,195.36,225.94,0.67
1667,23,758.77,482.99,202.84,231.00,0.57
1667,20,869.99,552.96,95.00,137.05,0.60
1668,20,876.93,554.92,94.27,129.28,0.73
1669,20,887.51,557.66,96.82,122.29,0.79
1670,20,900.12,554.60,103.23,124.10,0.69
1673,20,940.48,542.25,102.38,139.10,0.85
1674,20,947.81,499.66,106.92,189.60,0.57
1675,20,954.95,447.60,120.27,232.11,0.69
1676,20,963.89,391.63,133.42,269.07,0.51
1677,20,974.12,345.89,137.42,287.40,0.74
1678,20,979.83,317.98,142.10,284.48,0.89
1679,20,979.90,305.09,141.31,265.58,0.82
1680,20,982.12,298.84,129.88,237.10,0.82
1681,20,986.50,300.08,119.80,190.61,0.84
1682,20,993.87,297.81,111.95,143.69,0.87
1683,20,996.90,296.21,109.78,93.35,0.56
1701,23,775.80,445.03,118.22,256.94,0.62
1702,23,791.12,437.93,127.55,249.89,0.50
1703,23,780.66,430.04,143.05,240.61,0.74
1704,23,791.55,424.46,135.93,233.74,0.61
1705,23,825.45,417.78,104.66,235.37,0.71
1706,23,845.47,415.46,86.76,235.34,0.81
1709,23,889.22,442.48,86.34,198.16,0.87
1710,23,906.03,459.89,93.41,172.70,0.84
1715,23,970.69,343.68,131.79,286.02,0.66
1716,23,978.30,316.77,147.97,289.10,0.85
1717,23,983.57,302.57,163.17,263.14,0.80
1718,23,987.87,301.57,155.94,216.62,0.75
1758,24,847.00,438.00,76.00,134.00,0.76
1759,24,852.60,443.60,74.40,134.00,0.75
1760,24,857.57,449.30,75.64,129.38,0.75
1760,25,770.00,469.00,106.00,203.00,0.71
1761,24,860.75,457.54,77.60,126.25,0.78
1761,25,763.60,469.80,114.00,201.40,0.73
1762,24,865.33,467.45,82.62,126.99,0.84
1763,24,873.05,484.92,85.67,119.30,0.83
1764,24,883.24,499.18,92.81,102.88,0.88
1765,24,899.99,477.37,99.33,143.10,0.87
1766,24,919.91,443.63,104.98,201.43,0.88
1767,24,941.66,406.39,109.01,253.17,0.88
1768,24,959.61,366.60,120.05,290.65,0.87
1769,24,976.45,329.80,128.05,301.77,0.90
1770,24,989.23,311.37,131.17,282.67,0.91
1771,24,997.15,304.04,124.00,244.81,0.90
1772,24,1003.58,302.37,115.54,192.63,0.88
1772,25,734.16,483.93,181.63,146.26,0.76
1773,24,1004.81,301.83,109.43,138.51,0.86
1773,25,732.43,485.03,184.26,143.47,0.79
1774,24,1004.83,298.70,106.39,90.32,0.67
1774,25,731.22,486.78,184.98,140.39,0.86
1775,25,729.56,489.43,185.68,138.14,0.87
1776,25,728.35,491.69,187.06,135.46,0.86
1777,25,726.67,493.80,190.01,131.23,0.88
1778,25,725.44,496.55,192.93,127.13,0.87
1779,25,726.31,497.44,195.21,124.48,0.88
1780,25,731.23,496.30,196.59,123.01,0.88
1781,25,738.39,495.15,195.04,124.00,0.91
1782,25,746.44,491.31,191.67,123.79,0.90
1783,25,759.40,489.19,187.60,123.82,0.76
1784,25,768.28,487.72,205.75,125.94,0.83
1785,25,777.23,486.52,209.84,126.79,0.85
1786,25,787.18,488.07,203.59,124.51,0.84
1787,25,798.20,490.68,187.75,123.04,0.82
1788,25,811.00,494.32,176.08,121.88,0.87
1789,25,824.97,497.66,171.13,121.51,0.83
1790,25,839.93,502.87,166.67,122.75,0.83
1791,25,853.92,507.42,162.37,127.23,0.89
1792,25,870.24,509.73,153.40,134.81,0.90
1793,25,889.53,507.99,137.13,146.72,0.87
1794,25,910.02,505.38,120.09,163.34,0.85
1795,25,927.15,502.45,100.82,172.98,0.86
1796,25,938.54,498.07,87.54,184.37,0.90
1797,25,946.50,496.92,78.78,191.33,0.90
1798,25,952.74,498.33,69.87,195.26,0.89
1799,25,955.41,500.80,64.74,196.04,0.89
1800,25,957.26,504.32,62.89,196.19,0.90
1801,25,957.54,509.55,60.39,194.82,0.90
1802,25,957.29,512.85,60.65,192.20,0.90
1803,25,956.35,516.03,59.48,191.06,0.89
1804,25,952.99,517.85,61.41,189.88,0.89
1805,25,949.73,519.80,61.47,187.37,0.88
1806,25,945.02,520.48,63.00,185.67,0.88
1807,25,939.93,519.35,64.30,185.63,0.89
1808,25,933.36,518.21,68.19,182.28,0.87
1809,25,926.38,513.08,69.64,184.94,0.87
1810,25,916.49,508.51,76.16,185.91,0.88
1811,25,906.46,502.81,81.13,186.25,0.88
1812,25,894.93,494.07,86.92,189.64,0.88
1813,25,880.36,485.57,96.77,188.93,0.91
1814,25,866.01,476.45,105.58,187.96,0.92
1815,25,850.36,469.79,116.56,186.23,0.91
1816,25,836.15,464.75,127.11,184.23,0.84
1817,25,822.47,459.68,137.52,180.14,0.89
1818,25,810.88,455.94,147.86,177.27,0.89
1818,26,983.00,626.00,126.00,87.00,0.74
1819,25,800.15,455.37,160.63,174.88,0.86
1819,26,988.60,624.40,123.60,75.00,0.73
1820,25,791.03,456.64,162.03,168.00,0.85
1821,25,782.54,461.36,166.81,162.09,0.78
1822,25,772.44,466.59,171.73,153.21,0.87
1823,25,762.34,476.16,176.72,142.53,0.87
1824,25,750.97,488.69,182.99,131.21,0.82
1825,25,744.16,502.22,185.98,121.12,0.76
1826,25,739.20,517.38,185.08,109.41,0.74
1827,25,733.70,532.39,181.97,100.75,0.67
1828,25,727.97,551.48,180.59,89.57,0.75
1829,25,720.82,570.55,179.30,81.95,0.66
1830,25,714.44,587.08,176.07,76.27,0.51
1831,25,707.69,601.26,174.73,69.72,0.57
1835,25,687.20,628.91,161.89,58.33,0.52
1836,25,683.94,633.15,157.31,56.48,0.69
1837,25,680.83,637.21,155.87,54.52,0.71
1838,25,680.56,638.34,156.08,54.56,0.73
1839,25,681.99,641.25,154.88,53.24,0.67
1840,25,686.07,642.03,151.14,52.80,0.71
1841,25,688.44,642.11,149.82,54.03,0.72
1842,25,692.10,643.35,149.40,55.17,0.71
1843,25,694.20,644.33,150.64,56.94,0.65
1844,25,697.02,644.58,151.82,58.93,0.77
1845,25,700.11,643.92,151.64,60.34,0.71
1846,25,702.62,643.55,150.94,60.87,0.74
1847,25,703.57,643.32,152.04,61.72,0.72
1848,25,703.92,643.15,152.48,62.04,0.62
1849,25,704.05,643.01,153.99,62.14,0.57
1850,25,704.08,642.89,153.91,61.51,0.71
1854,25,710.25,638.38,158.39,64.62,0.56
1857,25,710.39,633.29,159.82,69.21,0.58
1858,25,708.97,631.78,162.01,69.87,0.62
1859,25,706.50,631.24,164.08,70.10,0.58
1860,25,704.25,629.07,166.16,70.83,0.56
1869,25,694.46,622.23,169.88,70.05,0.50
1872,25,690.42,621.79,165.77,68.29,0.61
1873,25,689.21,620.41,164.42,68.04,0.67
1874,25,688.14,619.29,166.64,66.62,0.61
1891,25,666.08,596.11,153.15,58.09,0.75
1892,25,662.08,597.13,156.41,59.36,0.85
1893,25,657.51,598.03,167.37,93.27,0.63
1894,25,653.26,599.35,175.29,74.64,0.67
1896,25,646.86,604.55,173.18,67.60,0.51
1898,25,636.01,606.85,174.53,62.11,0.67
1899,25,630.45,609.27,173.56,56.96,0.54
1899,27,715.00,430.00,138.00,92.00,0.71
1900,25,626.54,610.75,171.88,53.86,0.62
1901,25,621.86,611.22,171.25,52.84,0.70
1902,25,618.23,612.04,170.36,51.85,0.74
1903,25,613.68,612.29,172.02,51.55,0.77
1904,25,610.76,611.67,173.97,52.18,0.78
1905,25,609.78,610.74,174.71,52.44,0.78
1906,25,611.52,610.38,173.66,52.57,0.73
1907,25,611.64,608.89,175.24,53.32,0.65
1908,25,613.74,608.33,175.17,53.62,0.64
1909,25,616.60,607.45,177.11,54.41,0.68
1910,25,619.05,606.46,178.49,55.38,0.68
1911,25,621.35,606.09,179.66,56.41,0.73
1912,25,622.90,605.30,181.40,57.46,0.77
1913,25,624.83,605.01,181.38,57.86,0.78
1914,25,624.91,604.91,182.00,58.00,0.76
1915,25,625.61,603.57,182.22,58.05,0.74
1916,25,625.21,603.73,182.27,58.73,0.75
1917,25,625.72,603.14,182.27,58.32,0.76
1918,25,625.92,602.93,182.25,58.15,0.76
1919,25,627.31,604.18,180.91,58.09,0.77
1920,25,627.83,604.67,181.05,58.06,0.72
1921,25,629.34,604.86,181.09,58.70,0.68
1922,25,629.90,604.93,180.44,58.95,0.69
1923,25,630.76,605.62,180.18,58.37,0.65
1924,25,631.07,607.21,181.41,58.15,0.69
1925,25,633.15,607.80,178.57,59.39,0.59
1926,25,633.92,608.67,177.48,59.19,0.58
1927,25,633.52,608.99,177.74,59.11,0.64
1928,25,633.35,608.45,176.53,59.73,0.63
1929,25,633.93,606.26,177.40,59.31,0.69
1930,25,636.77,602.77,177.08,59.80,0.67
1931,25,640.48,599.49,172.99,59.98,0.77
1932,25,645.18,597.60,168.78,60.70,0.73
1933,25,648.23,595.60,165.23,62.94,0.71
1934,25,649.29,595.52,164.64,62.48,0.75
1935,25,647.62,596.19,165.81,61.62,0.78
1936,25,645.62,597.14,168.27,60.62,0.79
1937,25,643.51,596.87,169.89,60.90,0.79
1938,25,643.34,597.44,169.86,59.68,0.78
1939,25,643.92,597.68,169.86,59.21,0.79
1940,25,644.78,597.79,168.55,59.71,0.80
1941,25,645.09,597.83,168.06,59.89,0.79
1942,25,645.85,598.52,167.23,60.62,0.80
1943,25,644.79,600.11,168.26,60.24,0.79
1944,25,644.38,601.38,168.66,59.43,0.81
1945,25,644.21,601.85,169.48,59.12,0.80
1946,25,643.48,602.03,171.12,59.68,0.76
1947,25,642.54,603.40,171.74,59.22,0.75
1948,25,640.86,603.91,172.63,59.72,0.74
1949,25,640.88,604.09,169.01,60.56,0.70
1950,25,639.57,604.15,168.28,60.88,0.70
1951,25,638.43,604.16,169.34,61.00,0.70
1952,25,636.69,606.13,170.41,60.38,0.70
1953,25,636.05,608.18,168.17,58.82,0.63
1954,25,635.17,608.94,169.32,58.23,0.63
1955,25,633.54,610.53,171.73,58.01,0.64
1956,25,632.94,611.10,172.64,57.94,0.64
1957,25,632.74,611.28,171.66,57.92,0.68
1958,25,632.70,611.32,171.28,58.58,0.65
1959,25,631.38,610.65,175.09,56.20,0.64
1960,25,630.90,611.04,175.20,54.61,0.65
1961,25,630.75,611.16,175.23,54.72,0.66
1962,25,630.71,611.19,175.22,54.77,0.66
1963,25,631.38,611.85,174.54,55.47,0.65
1964,25,630.99,612.08,175.59,55.75,0.62
1965,25,630.20,612.82,175.32,55.20,0.55
1966,25,629.92,613.08,175.86,55.00,0.60
1967,25,629.83,613.16,175.40,54.93,0.61
1968,25,629.81,613.18,175.21,54.91,0.63
1969,25,628.50,613.83,177.11,54.91,0.56
1990,25,629.94,613.05,175.02,56.98,0.52
1991,25,630.01,613.00,174.97,56.35,0.60
1992,25,630.03,612.32,175.62,56.79,0.64
1993,25,630.70,612.73,174.54,56.30,0.68
1994,25,630.28,612.89,174.80,56.10,0.68
1995,25,630.79,612.95,174.90,56.03,0.70
1996,25,630.97,612.31,174.94,56.67,0.71
1997,25,632.36,612.08,174.96,56.91,0.68
1998,25,634.21,613.31,172.31,58.32,0.60
1999,25,634.22,613.78,172.65,58.84,0.65
2000,25,633.55,613.30,174.12,59.69,0.67
2001,25,633.28,613.11,173.36,60.01,0.62
2002,25,631.18,611.73,175.06,60.11,0.71
2003,25,627.75,611.20,177.68,60.14,0.75
2004,25,625.80,611.67,179.32,59.48,0.61
2007,25,613.97,611.08,180.81,55.72,0.66
2008,25,612.87,610.30,178.93,55.10,0.62
2009,25,612.51,609.38,179.61,55.57,0.63
2010,25,613.07,609.05,179.86,55.09,0.63
2012,25,619.56,603.37,182.31,62.80,0.59
2013,25,625.86,600.86,182.86,67.10,0.55
2014,25,637.36,596.73,180.41,71.93,0.67
2015,25,649.63,595.12,180.14,76.33,0.64
2018,28,793.00,518.00,142.00,74.00,0.75
2019,28,791.40,518.00,143.60,78.00,0.83
2019,25,689.34,591.15,165.84,102.29,0.62
2020,25,705.62,588.99,152.78,108.96,0.62
2021,25,726.00,590.60,129.89,114.15,0.67
2026,28,768.28,518.00,167.71,168.84,0.59
2027,28,764.42,518.53,169.63,175.51,0.83
2028,28,757.81,518.23,176.82,175.69,0.80
2029,28,747.64,518.09,186.57,175.79,0.72
2030,28,738.67,518.04,196.02,175.48,0.77
2031,28,728.25,518.01,206.63,175.02,0.86
2032,28,719.83,518.00,215.12,173.88,0.90
2033,28,710.30,518.64,224.05,172.46,0.89
2034,28,702.25,518.89,232.49,170.30,0.84
2035,28,694.80,518.99,239.47,165.28,0.83
2036,28,689.50,519.02,245.22,163.68,0.81
2037,28,685.05,519.03,249.84,160.91,0.86
2038,28,681.59,519.03,252.73,159.65,0.86
2039,28,683.66,518.37,251.08,154.42,0.81
2040,28,681.46,518.78,252.80,149.58,0.78
2041,28,692.45,518.94,241.63,139.64,0.77
2042,28,677.14,518.99,256.21,144.70,0.71
2043,28,676.08,519.01,257.64,138.54,0.69
2044,28,683.02,519.02,250.86,127.32,0.76
2045,28,670.75,519.71,263.19,124.55,0.62
2046,28,670.77,519.26,261.90,116.81,0.82
2047,28,666.41,519.10,265.12,106.46,0.73
2047,29,668.00,570.00,77.00,53.00,0.75
2048,28,658.35,519.74,274.05,101.53,0.69
2048,29,660.80,566.80,78.60,54.60,0.80
2049,28,651.49,520.66,280.59,98.61,0.78
2049,29,655.59,564.66,76.61,55.67,0.81
2050,28,645.10,521.66,286.88,94.97,0.56
2050,29,649.90,562.39,75.15,54.50,0.71
2051,29,642.25,564.00,74.76,54.84,0.73
2052,29,635.63,566.74,73.96,54.96,0.77
2053,29,630.79,569.11,73.03,52.88,0.72
2053,30,782.00,432.00,65.00,71.00,0.71
2054,29,627.97,569.94,71.34,51.44,0.77
2055,29,625.84,568.11,70.09,50.95,0.75
2056,29,622.54,564.68,72.46,52.87,0.72
2057,29,621.48,562.78,74.00,53.57,0.68
2059,29,602.95,559.57,88.14,59.42,0.50
2060,29,608.06,557.61,82.99,56.78,0.54
2062,29,609.41,551.28,80.90,55.46,0.51
2063,29,612.37,548.64,77.45,55.09,0.53
2067,31,1007.00,310.00,62.00,115.00,0.84
2068,31,989.40,303.60,117.20,179.00,0.89
2069,31,963.56,305.19,158.27,244.06,0.87
2070,31,932.19,306.50,197.36,311.08,0.81
2071,31,897.22,339.87,223.75,336.65,0.92
2072,31,869.86,382.00,221.55,326.26,0.88
2073,31,837.26,419.31,202.85,303.25,0.94
2074,31,805.13,445.66,167.77,282.45,0.91
2074,29,623.04,522.26,75.05,56.95,0.59
2075,31,782.13,469.15,118.80,257.44,0.84
2076,31,750.11,493.57,93.14,231.35,0.74
2077,31,711.91,523.85,103.05,176.58,0.85
2078,31,654.61,523.88,140.66,140.54,0.68
2079,31,639.13,530.40,215.92,108.48,0.68
2079,29,637.72,511.97,76.83,58.83,0.58
2080,31,611.43,528.43,267.48,96.44,0.57
2081,31,596.23,514.96,201.28,115.31,0.71
2082,31,595.46,512.47,154.67,121.04,0.77
2083,31,593.50,514.69,135.51,120.91,0.66
2084,31,590.62,516.12,129.06,123.73,0.66
2126,32,986.00,310.00,107.00,219.00,0.72
2127,32,974.80,304.40,198.20,247.00,0.65
2128,32,964.88,307.07,171.70,266.26,0.52
2129,32,941.69,309.52,149.81,294.67,0.76
2130,32,918.45,326.25,152.84,307.89,0.69
2131,32,892.43,352.30,266.08,314.03,0.86
2132,32,867.75,388.84,312.90,298.76,0.78
2133,32,836.58,435.14,345.77,272.08,0.82
2134,32,807.72,462.46,254.02,249.76,0.77
2135,32,793.37,480.82,302.67,222.07,0.82
2136,32,784.39,467.04,293.18,222.65,0.88
2137,32,776.76,442.91,265.64,235.39,0.81
2138,32,768.89,424.75,237.97,245.32,0.90
2139,32,755.27,419.58,210.49,253.76,0.91
2140,32,735.19,420.74,181.87,258.95,0.89
2141,32,700.43,425.68,162.94,261.55,0.72
2142,32,663.05,434.69,146.65,267.72,0.81
2143,32,630.70,449.12,138.62,260.23,0.88
2144,32,598.19,467.83,139.20,245.90,0.80
2145,32,572.11,488.83,133.97,188.43,0.82
2146,32,541.15,513.26,152.13,192.98,0.66
2147,32,516.75,534.17,175.04,172.09,0.59
2149,32,506.88,525.16,186.90,156.64,0.67
2150,32,540.35,523.23,156.45,141.60,0.76
2151,32,552.81,525.27,144.33,130.90,0.83
2152,32,557.31,530.83,139.69,90.29,0.64
2153,32,565.40,532.36,134.75,88.03,0.50
2154,32,566.03,532.05,136.58,103.60,0.69
2155,32,567.13,532.70,135.96,106.10,0.68
2156,32,566.50,534.84,135.18,103.28,0.60
2157,32,565.15,537.59,133.65,89.32,0.61
2162,32,571.03,530.61,131.96,99.06,0.57
2165,32,573.33,528.18,99.53,107.66,0.62
2166,32,571.19,523.97,101.43,108.77,0.72
2167,32,573.32,519.84,109.29,109.82,0.63
2168,32,569.45,518.94,123.96,109.54,0.74
2169,32,567.37,517.32,125.05,109.41,0.72
2181,33,982.00,305.00,87.00,66.00,0.77
2182,33,985.20,309.80,90.20,77.20,0.84
2183,33,972.86,309.95,95.38,109.25,0.86
2184,33,961.81,308.14,85.17,163.31,0.81
2185,33,932.90,310.11,101.76,229.33,0.87
2186,33,891.49,311.10,119.81,295.45,0.89
2187,33,854.61,332.12,115.43,327.71,0.85
2188,33,801.20,369.02,116.14,321.53,0.88
2189,33,741.68,415.14,126.79,280.53,0.91
2190,33,691.05,465.16,128.19,220.44,0.74
2192,32,587.73,523.84,115.07,129.87,0.75
2193,32,588.92,524.71,118.46,138.10,0.82
2194,32,568.61,524.40,145.49,145.59,0.54
2195,32,547.84,524.90,165.62,147.24,0.64
2222,34,911.00,310.00,83.00,109.00,0.72
2223,34,899.00,306.80,112.60,161.80,0.71
2224,34,877.44,309.63,128.18,242.20,0.86
2225,34,838.76,319.04,134.68,303.89,0.86
2226,34,790.99,356.75,113.35,289.65,0.91
2227,34,715.67,402.62,122.76,286.98,0.80
2228,34,652.56,457.98,133.71,248.63,0.87
2229,34,593.93,510.41,141.68,187.53,0.68
2230,34,568.60,534.20,121.34,153.46,0.69
2231,34,544.16,534.28,139.65,140.40,0.66
2232,34,521.86,541.62,113.81,121.78,0.50
2246,32,515.97,527.06,181.99,151.00,0.56
2270,35,853.00,319.00,67.00,85.00,0.78
2271,35,857.80,315.00,105.40,107.40,0.78
2272,35,845.36,314.29,130.94,130.63,0.63
2273,35,837.26,313.33,113.34,153.38,0.76
2274,35,833.54,312.95,104.97,162.93,0.52
2275,35,833.29,312.82,106.44,153.02,0.58
2276,35,816.70,313.49,136.69,159.94,0.77
2276,36,948.00,301.00,111.00,127.00,0.76
2277,35,812.05,314.39,154.45,173.39,0.73
2277,36,958.40,303.40,105.40,142.20,0.70
2278,35,810.97,314.11,158.84,188.56,0.72
2278,36,960.44,303.85,104.30,155.42,0.77
2279,35,811.51,315.87,152.67,201.31,0.70
2279,36,953.20,306.20,107.11,172.69,0.78
2280,35,816.62,317.23,138.00,218.69,0.73
2280,36,942.76,307.73,113.20,192.44,0.80
2281,35,810.87,333.87,129.83,223.64,0.76
2281,36,926.71,308.28,127.16,212.11,0.77
2282,35,794.10,356.56,124.03,227.08,0.82
2282,36,903.25,309.09,134.10,238.69,0.85
2283,35,769.88,380.24,120.45,227.45,0.70
2283,36,873.32,309.40,137.24,268.98,0.78
2284,35,737.62,406.83,122.45,224.66,0.80
2284,36,842.37,324.19,126.43,278.70,0.80
2285,35,703.52,433.28,123.16,216.73,0.70
2285,36,809.28,342.38,106.05,277.56,0.71
2286,36,763.18,363.15,103.87,271.83,0.77
2287,36,709.32,380.96,116.96,269.52,0.63
2287,35,624.14,483.41,138.15,190.54,0.59
2288,36,655.62,398.70,132.47,273.96,0.58
2289,36,587.94,415.67,164.30,272.13,0.77
2290,36,560.87,433.73,166.22,268.97,0.71
2291,36,537.62,450.85,162.14,259.51,0.79
2292,32,529.98,474.04,125.06,178.97,0.79
2293,32,517.37,484.72,133.44,198.94,0.84
2294,32,509.65,497.58,131.05,198.05,0.86
2295,32,507.61,522.62,118.11,177.14,0.79
2296,32,502.75,546.92,107.63,152.78,0.75
2299,32,497.90,506.99,190.95,183.21,0.74
2300,32,502.73,501.66,196.25,173.14,0.74
2301,32,505.82,502.99,197.14,162.00,0.63
2302,32,507.32,504.97,197.47,154.97,0.62
2303,32,507.40,503.75,197.78,156.44,0.66
2304,32,506.89,504.01,195.61,164.28,0.59
2305,32,508.06,506.76,189.20,153.49,0.68
2311,32,512.40,510.35,177.62,126.82,0.53
2315,37,472.00,592.00,136.00,78.00,0.74
2316,32,491.29,514.32,198.14,141.75,0.68
2317,32,503.80,511.34,184.88,141.19,0.70
2318,32,515.32,510.90,228.19,127.14,0.54
2319,32,511.89,510.09,267.26,157.14,0.53
2320,32,566.62,501.81,262.44,124.62,0.73
2321,32,616.89,459.93,250.11,138.99,0.78
2322,32,660.77,416.08,244.21,163.34,0.90
2323,32,703.87,372.09,228.09,194.89,0.89
2324,32,743.31,334.85,196.89,197.62,0.84
2325,32,775.33,316.15,165.30,190.81,0.79
2326,32,808.45,307.39,123.94,167.06,0.76
2327,32,825.91,307.07,87.35,128.10,0.78
2328,38,804.00,530.00,107.00,41.00,0.70
2329,38,806.40,530.00,104.60,41.80,0.70
2330,38,810.75,528.47,100.25,43.49,0.69
2331,38,814.55,524.91,95.65,47.10,0.67
2332,38,827.94,528.73,81.26,43.29,0.59
2333,38,834.84,532.56,74.09,40.20,0.57
2334,38,839.52,530.89,69.36,41.37,0.62
2335,38,842.85,531.03,67.54,41.07,0.58
2380,39,971.00,356.00,88.00,100.00,0.79
2381,39,943.00,370.40,88.00,102.40,0.61
2382,39,908.32,390.75,88.00,102.09,0.67
2383,39,859.37,410.11,92.67,107.42,0.60
2384,39,811.13,420.90,89.03,125.87,0.57
2387,40,521.00,473.00,232.00,217.00,0.84
2388,40,518.60,487.40,204.00,200.20,0.79
2389,40,522.13,511.59,179.13,188.97,0.66
2390,40,534.10,527.93,162.74,179.04,0.66
2391,40,524.61,530.93,170.91,173.50,0.67
2393,40,509.24,529.81,190.70,179.93,0.63
2396,40,493.74,529.56,206.47,182.11,0.52
2398,40,497.49,533.31,200.83,178.77,0.55
2400,40,505.15,534.76,187.28,178.07,0.59
2401,40,504.84,536.17,184.57,176.65,0.66
2402,40,507.45,535.29,182.33,177.49,0.63
2403,40,505.05,534.91,187.62,175.81,0.61
2404,40,499.56,533.37,196.21,177.85,0.54
2405,40,492.29,532.10,205.33,179.93,0.56
2406,40,485.00,531.59,209.47,121.41,0.54
2407,40,481.57,530.47,211.68,97.96,0.68
2409,40,481.74,534.71,208.45,162.44,0.56
2410,40,480.85,531.47,207.32,178.52,0.64
2442,41,998.00,334.00,91.00,74.00,0.73
2443,41,963.60,338.00,101.40,104.40,0.82
2444,41,928.94,363.39,95.15,107.56,0.84
2445,41,885.52,404.01,87.35,112.54,0.80
2446,41,867.00,427.09,71.17,114.95,0.87
2447,41,859.39,431.04,59.71,102.59,0.82
2448,41,847.44,429.16,60.65,133.00,0.84
2449,41,821.28,427.94,80.85,151.65,0.82
2450,41,816.46,427.97,73.01,164.42,0.88
2451,41,809.64,436.78,67.88,165.80,0.88
2452,41,798.31,448.81,71.04,168.50,0.87
2453,41,787.89,461.53,71.43,162.34,0.89
2454,41,779.30,475.87,68.93,165.36,0.86
2455,41,770.05,490.72,70.07,161.88,0.88
2456,41,763.08,507.18,69.16,157.63,0.83
2457,41,755.02,520.27,69.52,167.00,0.86
2458,41,747.81,533.32,67.67,164.02,0.82
2459,41,738.26,545.10,69.69,154.08,0.83
2460,41,729.10,555.67,71.10,148.00,0.84
2461,41,722.09,565.14,73.62,138.97,0.89
2462,41,716.50,572.80,75.23,134.19,0.90
2463,41,712.12,580.54,77.79,131.13,0.88
2464,41,709.44,586.97,79.41,130.04,0.88
2465,41,706.79,592.95,78.73,126.31,0.87
2466,41,704.83,598.75,77.77,121.59,0.80
2491,42,971.00,335.00,68.00,77.00,0.71
2494,43,927.00,335.00,148.00,97.00,0.78
2495,43,913.40,337.40,153.60,112.20,0.84
2496,43,898.63,344.45,153.14,123.80,0.80
2497,43,874.93,364.41,155.31,142.61,0.64
2498,43,900.52,384.44,103.31,115.10,0.53
2509,44,453.00,477.00,137.00,90.00,0.78
2510,44,443.40,477.00,137.80,85.20,0.69
2511,44,441.55,486.41,126.41,74.85,0.76
2512,44,436.88,492.66,117.78,69.98,0.55
2513,44,442.78,497.19,102.34,66.61,0.55
2514,44,450.20,501.28,89.76,65.89,0.55
2581,45,968.00,303.00,190.00,129.00,0.76
2582,45,954.40,303.00,200.40,174.60,0.86
2583,45,932.89,301.61,224.34,217.34,0.89
2584,45,901.30,305.63,251.71,267.88,0.77
2585,45,866.82,315.47,263.99,300.48,0.75
2586,45,826.77,338.48,265.63,320.74,0.69
2587,45,786.32,369.48,261.96,318.60,0.86
2588,45,744.68,392.51,249.10,315.45,0.88
2589,45,708.10,411.03,226.56,309.98,0.82
2590,45,709.18,423.78,166.80,294.61,0.71
2591,45,649.82,432.85,165.29,287.60,0.67
2592,45,605.70,455.01,155.46,266.61,0.79
2593,45,563.79,467.66,147.43,246.26,0.80
2594,45,535.81,476.47,145.11,234.93,0.82
2595,45,497.55,488.70,169.24,219.78,0.75
2596,45,478.91,500.11,132.59,203.77,0.76
2597,45,454.12,502.81,200.08,206.54,0.72
2598,45,436.22,504.86,223.98,207.54,0.57
2599,45,423.07,528.81,138.88,168.84,0.72
2633,46,853.00,377.00,59.00,140.00,0.79
2634,46,849.00,401.80,53.40,134.40,0.81
2635,46,845.82,423.82,49.90,101.29,0.61
2636,46,841.60,442.90,44.77,101.91,0.70
2637,46,829.26,449.23,54.88,97.06,0.69
2638,46,820.35,431.66,74.26,133.13,0.62
2640,46,824.24,462.44,53.64,107.28,0.57
2641,46,829.95,472.63,43.76,99.06,0.74
2642,46,831.30,480.50,42.99,94.66,0.64
2643,46,831.66,486.98,42.77,91.29,0.68
2644,46,831.80,492.31,42.12,91.80,0.72
2645,46,831.16,496.62,43.44,92.12,0.77
2646,46,831.63,501.94,43.95,86.91,0.73
2649,46,831.67,513.00,43.80,71.74,0.57
2652,47,405.00,494.00,255.00,220.00,0.75
2653,47,399.40,499.60,265.40,215.20,0.59
2653,46,829.92,514.33,48.46,80.09,0.64
2654,47,393.77,506.12,276.51,208.83,0.55
2654,46,829.80,512.82,47.64,85.71,0.70
2655,47,388.03,513.80,265.25,201.21,0.51
2655,46,829.77,512.89,47.33,93.53,0.67
2656,46,829.77,511.63,47.20,99.70,0.60
2657,46,829.79,511.07,47.14,105.89,0.70
2659,46,829.04,514.18,48.63,111.97,0.51
2660,46,829.59,517.55,47.59,117.33,0.56
2661,46,827.81,522.61,47.87,119.91,0.57
2662,46,825.18,527.71,49.29,124.76,0.81
2663,46,820.29,534.08,50.47,129.80,0.83
2664,46,812.58,535.85,54.82,137.48,0.84
2665,46,802.06,546.59,57.10,140.44,0.73
2666,46,788.97,560.35,60.54,139.62,0.84
2667,46,773.14,573.39,61.23,134.69,0.84
2667,48,864.00,347.00,51.00,105.00,0.81
2668,46,749.59,588.11,62.74,126.10,0.81
2668,48,859.20,353.40,51.80,121.80,0.79
2669,46,720.06,602.83,64.58,114.72,0.76
2669,48,850.61,366.31,54.25,118.28,0.82
2670,46,684.42,621.67,69.11,98.12,0.60
2670,48,839.34,385.07,54.34,126.22,0.66
2671,48,821.03,405.14,57.99,132.35,0.83
2672,48,796.37,424.96,59.87,135.83,0.84
2673,48,765.27,445.26,61.85,132.87,0.73
2674,48,722.79,465.02,68.54,132.25,0.83
2675,48,669.38,479.71,78.69,137.35,0.76
2676,48,607.05,497.20,97.53,140.49,0.69
2677,48,542.60,515.10,121.19,123.19,0.80
2678,48,483.12,527.65,162.78,122.32,0.50
2679,48,432.51,547.90,142.87,107.81,0.56
2681,48,371.91,573.43,114.73,79.02,0.50
2682,48,360.90,576.27,95.48,67.26,0.66
2789,49,442.00,477.00,255.00,205.00,0.70
2790,49,444.40,477.80,251.00,199.40,0.73
2791,49,444.86,477.96,250.23,198.31,0.73
2792,49,444.24,478.01,250.75,197.96,0.73
2793,49,444.03,479.52,250.94,196.37,0.73
2794,49,443.24,478.55,252.45,201.72,0.67
2795,49,442.98,477.51,252.96,214.03,0.67
2796,49,442.90,477.81,253.12,211.67,0.62
2797,49,442.20,477.25,255.21,226.17,0.65
2798,49,444.66,479.66,253.26,230.08,0.70
2799,49,446.27,479.96,251.15,232.08,0.62
2800,49,448.20,482.04,253.72,232.67,0.67
2801,49,447.57,482.82,254.67,232.75,0.68
2802,49,447.31,483.10,251.69,233.30,0.57
2803,49,479.24,483.19,206.49,151.87,0.51
2825,50,730.00,420.00,159.00,77.00,0.77
2826,50,782.00,419.20,107.80,56.20,0.65
2891,51,891.00,347.00,46.00,67.00,0.76
2892,51,891.80,347.00,50.80,77.40,0.75
2893,51,891.20,347.73,54.68,86.66,0.66
2894,51,890.25,347.30,62.72,100.89,0.80
2895,51,890.60,347.12,64.85,102.07,0.82
2896,51,889.42,346.36,65.38,102.57,0.78
2897,51,888.98,346.75,64.04,100.43,0.77
2898,51,888.85,346.90,59.99,95.97,0.70
2899,51,885.38,347.64,59.01,109.73,0.72
2900,51,878.06,347.27,77.61,125.35,0.82
2901,51,875.50,346.50,82.24,136.53,0.88
2902,51,871.98,347.41,84.08,145.97,0.88
2903,51,869.34,354.00,84.03,148.42,0.86
2904,51,868.37,361.15,81.94,150.41,0.88
2905,51,866.78,369.08,81.62,151.62,0.88
2906,51,864.29,376.65,79.47,152.53,0.75
2907,51,860.78,385.35,80.49,153.99,0.74
2908,51,856.91,396.39,79.52,151.17,0.85
2909,51,853.54,406.48,78.40,153.75,0.84
2910,51,850.37,416.69,75.27,154.63,0.79
2911,51,846.61,427.00,72.00,158.07,0.83
2912,51,846.00,437.93,65.36,157.99,0.78
2914,51,840.17,461.10,58.54,157.18,0.71
2915,51,835.68,473.92,55.06,143.36,0.58
2916,51,828.69,484.31,53.26,137.75,0.68
2917,51,818.78,497.20,54.77,131.77,0.75
2918,51,805.30,508.97,57.35,133.14,0.81
2919,51,786.58,522.29,62.29,148.47,0.69
2920,51,767.43,536.05,62.86,159.75,0.58
2921,51,743.82,554.55,65.04,146.36,0.79
2921,52,852.00,352.00,50.00,92.00,0.72
2922,50,847.00,346.00,53.00,109.00,0.83
2923,50,844.44,357.29,52.93,104.59,0.83
2924,50,833.64,375.61,55.29,102.27,0.86
2925,50,816.02,400.03,58.31,96.69,0.85
2926,50,790.32,428.15,52.81,87.79,0.74
2927,50,750.84,458.37,60.30,78.31,0.79
2928,50,703.06,486.23,66.59,76.55,0.84
2929,50,645.68,510.39,81.27,80.91,0.85
2930,50,586.20,533.91,94.90,85.12,0.74
2931,50,518.83,540.21,125.30,104.56,0.62
2934,50,406.27,540.97,220.50,168.61,0.59
2935,50,382.24,535.83,259.55,183.69,0.59
2936,50,372.21,533.14,255.27,188.57,0.55
2937,50,371.30,530.25,224.88,189.15,0.52
2938,50,375.08,526.83,208.69,177.24,0.56
2939,50,377.81,524.92,201.38,179.28,0.54
2941,50,380.27,518.78,197.74,167.91,0.53
2946,50,381.24,515.07,257.28,198.03,0.62
2947,50,381.15,513.23,272.17,199.62,0.69
2950,50,386.28,512.76,278.03,203.70,0.69
2951,50,389.05,513.45,278.68,203.94,0.64
3022,53,871.00,347.00,48.00,54.00,0.77
3023,53,868.60,347.00,49.60,66.80,0.76
3024,53,862.80,348.44,49.91,86.32,0.75
3025,53,855.41,347.70,52.33,101.87,0.81
3026,53,845.89,358.16,54.55,111.31,0.81
3027,53,831.59,378.56,58.07,118.52,0.83
3028,53,811.14,404.66,59.30,117.88,0.82
3029,53,783.63,433.31,57.00,113.80,0.78
3030,53,743.09,465.32,62.80,109.09,0.79
3031,53,692.66,495.11,77.07,104.28,0.84
3032,53,640.42,525.88,95.28,97.52,0.78
3033,53,586.14,557.05,108.86,90.64,0.82
3034,53,532.58,578.61,121.25,91.38,0.82
