94,1,118.00,585.00,248.00,131.00,0.87
95,1,108.40,581.00,252.80,124.60,0.80
96,1,102.73,571.60,254.49,128.05,0.51
97,1,93.07,557.75,264.34,131.48,0.70
98,1,88.66,540.26,274.03,135.44,0.65
99,1,86.70,517.72,276.45,181.35,0.87
100,1,87.65,497.91,276.32,208.12,0.85
101,1,85.47,482.49,281.49,227.36,0.76
102,1,82.78,464.21,287.26,246.65,0.73
103,1,82.56,449.67,276.63,237.06,0.80
104,1,83.34,443.18,264.15,229.86,0.90
105,1,78.99,439.29,258.05,230.33,0.90
106,1,74.80,436.26,258.55,243.02,0.90
107,1,68.67,433.45,254.72,248.99,0.80
108,1,65.16,425.83,252.64,261.13,0.82
109,1,61.31,417.44,238.48,274.48,0.60
110,1,58.00,406.23,225.69,285.80,0.58
111,1,52.84,397.03,215.72,300.09,0.73
112,1,47.02,391.15,208.23,304.23,0.76
119,1,36.47,358.49,195.37,258.89,0.79
120,1,38.63,360.70,191.37,249.75,0.56
121,1,44.01,363.21,193.48,236.76,0.83
122,1,47.35,366.34,208.23,246.25,0.67
123,1,49.90,369.47,218.20,298.51,0.69
124,1,49.66,376.14,219.49,257.56,0.72
125,1,47.00,391.06,219.90,252.84,0.73
126,1,44.70,405.60,218.66,239.79,0.72
127,1,43.20,423.86,221.40,236.39,0.66
128,1,43.98,441.09,221.73,215.66,0.77
129,1,44.98,454.15,223.11,164.16,0.83
130,1,48.01,461.89,222.92,148.35,0.84
131,1,49.85,463.89,224.10,176.13,0.83
132,1,51.22,466.16,225.15,189.01,0.83
133,1,53.71,465.40,223.54,193.71,0.83
134,1,55.32,466.13,219.57,194.97,0.79
135,1,55.92,470.83,218.02,174.97,0.76
136,1,55.46,469.54,218.75,181.07,0.79
137,1,52.64,467.10,221.00,209.03,0.77
138,1,50.90,473.79,223.15,220.43,0.81
139,1,48.93,468.13,226.58,240.98,0.77
140,1,46.88,467.73,228.51,245.83,0.69
141,1,44.80,465.53,230.52,248.24,0.77
142,1,43.37,464.58,231.25,249.02,0.63
143,1,41.54,464.79,228.85,246.59,0.75
144,1,40.21,466.10,221.95,244.18,0.53
154,1,46.49,484.35,208.43,202.55,0.76
155,1,49.03,470.48,207.13,217.03,0.82
156,1,51.83,467.68,206.04,225.24,0.82
157,1,54.18,468.57,205.68,217.85,0.83
158,1,55.03,471.61,206.92,213.62,0.82
159,1,55.31,471.37,207.41,208.06,0.81
160,1,54.71,470.59,208.29,210.13,0.82
161,1,52.47,471.62,210.63,209.60,0.81
162,1,51.61,468.66,212.17,223.47,0.73
163,1,49.29,464.98,215.40,233.75,0.83
164,1,45.13,459.02,218.58,243.55,0.84
165,1,40.93,454.14,221.08,235.71,0.88
166,1,37.39,449.62,223.97,234.43,0.89
167,1,36.07,446.66,226.35,231.27,0.88
168,1,35.61,443.62,229.18,233.33,0.88
169,1,36.12,439.91,232.17,233.42,0.85
170,1,35.71,436.60,236.53,234.74,0.86
171,1,35.58,434.77,239.44,237.18,0.80
172,1,36.87,432.84,241.15,240.04,0.82
173,1,37.39,432.19,243.04,241.09,0.76
174,1,38.92,432.02,244.34,250.64,0.75
175,1,39.53,432.66,246.73,268.45,0.76
176,1,39.77,434.85,255.42,273.96,0.64
177,1,38.57,439.02,280.65,272.79,0.74
178,1,38.11,443.96,268.19,268.90,0.79
179,1,36.63,449.17,256.71,264.65,0.82
180,1,36.74,455.76,251.56,257.66,0.77
181,1,38.79,462.90,248.93,250.94,0.74
182,1,42.22,467.52,243.93,243.05,0.77
183,1,44.84,471.19,242.68,233.39,0.82
184,1,47.14,473.12,242.88,229.18,0.83
185,1,49.30,473.07,243.62,232.43,0.84
186,1,52.07,472.99,243.23,229.69,0.79
187,1,54.40,472.87,247.72,234.74,0.77
188,1,53.92,474.10,254.66,235.32,0.78
189,1,64.14,475.83,248.13,228.94,0.68
191,1,82.16,481.95,212.20,190.99,0.69
334,2,177.00,584.00,148.00,133.00,0.78
335,2,177.00,580.00,151.20,136.20,0.73
336,2,177.77,578.47,152.58,137.58,0.70
337,2,178.80,575.63,157.68,138.05,0.68
338,2,179.84,570.30,161.48,142.63,0.71
339,2,179.46,571.44,161.95,141.99,0.68
340,2,182.07,565.70,141.07,147.96,0.65
341,2,182.26,557.64,132.37,156.12,0.63
342,2,183.01,556.03,128.24,157.11,0.64
343,2,183.93,548.96,127.72,165.29,0.66
344,2,183.53,547.03,126.97,167.65,0.64
345,2,183.35,541.88,128.90,172.32,0.64
346,2,182.59,540.66,133.74,173.36,0.60
347,2,182.96,551.42,132.92,162.54,0.61
348,2,183.09,557.88,136.00,155.39,0.59
349,2,181.80,560.33,155.00,153.37,0.61
350,2,181.33,561.25,163.22,151.93,0.64
351,2,181.14,561.62,166.52,151.39,0.66
352,2,181.06,561.77,167.73,151.84,0.62
353,2,180.38,564.50,167.46,149.35,0.59
354,2,180.11,564.20,167.27,149.73,0.59
355,2,180.02,566.08,167.12,147.89,0.59
356,2,180.63,566.78,166.34,147.20,0.58
357,2,180.22,567.04,165.32,146.95,0.57
358,2,180.06,567.78,164.87,146.21,0.58
359,2,180.66,566.72,165.32,147.27,0.59
360,2,180.89,567.63,163.47,146.36,0.54
380,2,185.03,548.18,176.89,165.84,0.51
749,3,218.00,439.00,193.00,185.00,0.81
750,3,205.20,428.60,194.60,193.80,0.78
751,3,191.98,418.27,197.21,201.54,0.66
752,3,179.02,409.37,199.64,208.79,0.52
754,3,160.32,409.26,209.66,209.70,0.66
762,3,153.33,404.67,181.93,238.13,0.58
764,3,158.53,409.43,165.00,240.95,0.58
765,3,161.70,412.77,156.66,245.69,0.69
766,3,156.51,417.21,157.49,249.98,0.73
767,3,145.23,423.42,163.29,249.64,0.70
776,3,95.47,402.67,238.39,258.66,0.82
777,3,91.94,401.30,245.34,250.89,0.85
778,3,87.59,401.51,252.39,252.24,0.84
779,3,85.37,401.61,255.03,261.99,0.85
780,3,82.75,404.91,254.60,244.79,0.88
781,3,82.53,399.51,251.01,239.24,0.77
782,3,83.27,392.20,250.06,241.30,0.91
783,3,80.45,384.91,259.28,245.41,0.77
784,3,73.04,380.91,273.60,248.96,0.81
785,3,65.81,380.14,272.70,252.29,0.85
786,3,55.98,380.59,271.41,257.50,0.86
787,3,46.48,381.49,269.42,260.77,0.81
788,3,41.06,384.53,267.84,263.29,0.74
789,3,37.22,385.09,267.10,265.52,0.82
790,3,35.30,385.35,265.39,265.67,0.89
791,3,34.77,385.48,261.33,265.67,0.90
792,3,33.44,385.57,260.36,265.62,0.90
793,3,32.44,386.28,261.25,264.91,0.87
794,3,32.87,386.58,262.20,263.94,0.88
795,3,31.85,386.71,266.46,263.54,0.87
796,3,30.26,385.46,268.68,266.00,0.87
797,3,29.11,385.00,269.47,267.57,0.88
798,3,28.12,385.50,269.71,270.11,0.79
799,3,26.53,385.70,269.08,274.98,0.81
800,3,26.69,385.79,265.49,278.10,0.80
801,3,26.84,387.80,264.08,277.94,0.83
802,3,26.32,389.24,264.85,277.81,0.80
803,3,26.84,390.44,265.78,279.68,0.74
804,3,27.11,391.55,267.43,288.22,0.69
805,3,26.60,392.61,269.35,294.66,0.68
806,3,25.80,392.36,271.37,293.82,0.73
807,3,25.54,392.90,270.14,289.45,0.71
808,3,25.48,392.43,268.31,287.04,0.76
809,3,25.51,393.56,266.27,284.09,0.72
810,3,26.87,394.64,264.16,281.61,0.68
810,4,363.00,334.00,74.00,146.00,0.76
811,3,26.76,395.03,264.69,279.33,0.50
811,4,366.20,335.60,71.60,172.40,0.84
812,4,367.60,335.89,72.69,216.60,0.87
813,4,361.08,352.00,90.11,213.67,0.87
813,3,27.49,395.98,263.37,276.74,0.62
814,4,348.31,377.42,114.43,208.28,0.91
814,3,27.72,397.50,262.40,274.79,0.60
815,4,335.16,406.70,137.71,173.94,0.92
816,4,320.54,424.57,156.54,144.03,0.90
817,4,307.10,435.20,171.51,121.80,0.83
818,4,297.29,452.84,177.47,90.25,0.73
819,4,289.12,468.74,179.36,69.17,0.68
820,4,281.67,477.14,178.95,63.13,0.80
821,4,274.52,484.36,173.87,61.22,0.86
822,4,265.59,488.21,168.05,63.36,0.86
822,3,27.85,395.24,258.19,272.10,0.53
823,4,255.27,492.04,163.36,64.88,0.85
824,4,243.10,495.08,158.57,67.06,0.84
825,4,228.25,501.37,157.70,66.59,0.81
825,3,31.29,396.69,272.51,263.45,0.59
826,4,211.76,508.11,156.50,65.91,0.67
826,3,33.14,398.30,278.67,263.58,0.74
827,4,203.18,516.39,149.90,62.37,0.52
827,3,33.15,400.17,293.91,258.95,0.67
828,3,34.43,399.51,295.14,258.60,0.65
830,4,190.55,530.66,103.73,65.13,0.80
831,4,191.93,535.95,74.14,63.27,0.69
832,4,198.25,537.04,50.44,60.55,0.52
833,3,7.59,365.10,289.86,288.18,0.77
834,3,3.39,351.98,284.88,300.93,0.88
835,3,1.35,342.09,272.55,311.33,0.83
836,3,0.65,338.37,272.77,315.26,0.65
837,3,0.44,337.74,278.25,314.06,0.83
838,3,0.40,335.73,280.34,313.41,0.80
839,3,0.44,339.69,284.48,303.89,0.84
840,3,0.49,345.38,293.96,293.45,0.84
841,3,0.53,350.99,302.76,290.77,0.77
842,3,1.23,354.47,306.76,291.75,0.85
843,3,2.83,356.48,308.89,290.11,0.82
844,3,10.00,360.59,304.41,283.50,0.84
845,3,18.04,371.53,297.33,269.64,0.84
846,3,29.70,376.98,281.98,258.38,0.84
847,3,51.58,379.58,259.31,248.94,0.85
848,3,77.42,385.22,236.56,242.26,0.73
849,3,96.12,392.63,228.02,239.34,0.92
850,3,111.93,403.33,208.00,239.81,0.86
851,3,117.69,413.17,211.93,240.80,0.71
852,3,121.52,422.66,211.27,225.23,0.80
853,3,121.13,430.75,210.64,222.29,0.69
854,3,119.29,438.86,206.57,211.21,0.63
855,3,107.40,444.27,213.48,242.46,0.60
856,3,95.06,450.07,222.03,244.60,0.58
857,3,84.42,458.62,228.61,223.88,0.56
858,3,71.80,464.26,237.07,204.13,0.75
859,3,58.53,468.73,247.47,188.84,0.67
866,3,46.91,451.90,245.22,194.48,0.62
867,3,48.54,442.23,242.91,200.60,0.65
867,5,346.00,334.00,73.00,68.00,0.72
868,3,49.73,431.08,243.48,207.93,0.57
868,5,325.20,328.40,97.80,120.80,0.81
869,5,309.00,326.24,120.29,161.64,0.88
870,5,295.69,327.07,142.15,199.90,0.89
870,3,54.11,411.60,234.45,214.63,0.58
871,5,279.57,356.96,170.69,205.36,0.90
871,3,59.36,400.20,234.54,221.69,0.69
872,5,268.17,395.48,194.51,191.19,0.90
872,3,63.83,390.29,229.24,228.11,0.78
873,5,258.14,435.19,206.68,160.92,0.84
873,3,70.18,382.73,221.26,231.84,0.51
874,5,245.65,464.82,214.83,131.19,0.83
874,3,77.24,376.71,216.34,233.87,0.72
875,5,235.84,480.96,206.41,107.77,0.81
875,3,82.46,373.26,218.69,236.54,0.52
876,5,220.16,490.47,189.75,89.55,0.89
877,5,219.76,497.75,169.76,74.16,0.83
878,5,230.40,504.38,135.05,74.02,0.74
878,3,94.78,368.54,246.75,244.77,0.51
879,3,98.96,367.84,238.27,243.09,0.73
880,3,101.13,369.62,232.84,243.15,0.84
881,3,101.85,372.34,226.10,242.51,0.92
882,3,97.36,378.07,229.52,239.62,0.90
883,3,90.39,384.28,234.71,241.82,0.88
884,3,88.36,390.58,240.58,245.94,0.84
885,3,70.63,391.66,235.61,242.25,0.88
886,3,47.17,391.39,264.68,225.57,0.78
887,3,36.78,396.02,263.87,214.45,0.84
888,3,34.67,401.75,252.25,219.39,0.62
889,3,36.74,405.08,242.87,218.52,0.72
890,3,37.68,409.61,241.96,213.60,0.56
892,3,45.98,416.88,249.97,217.42,0.52
893,3,51.59,419.47,252.92,219.38,0.59
894,3,56.27,421.69,237.55,212.80,0.57
898,3,76.38,431.61,252.11,212.98,0.53
899,3,80.72,433.19,254.54,210.93,0.59
900,3,82.24,431.05,258.67,210.91,0.74
901,3,82.10,429.53,260.18,211.57,0.82
902,3,80.67,427.59,261.34,209.84,0.87
903,3,78.10,422.82,260.41,209.86,0.88
904,3,73.11,417.70,261.96,209.21,0.84
905,3,69.23,414.44,261.18,206.32,0.85
906,3,63.13,409.91,261.49,206.58,0.86
906,6,333.00,329.00,73.00,175.00,0.86
907,3,56.22,404.27,262.87,210.67,0.88
907,6,317.80,333.00,103.40,215.00,0.86
908,3,50.34,397.60,263.36,214.19,0.85
908,6,294.64,367.54,142.19,215.72,0.87
909,3,46.19,392.50,260.87,215.52,0.83
909,6,268.24,417.20,179.47,187.43,0.87
910,3,42.70,388.02,236.07,212.73,0.78
910,6,245.08,472.19,195.29,133.92,0.87
911,3,38.08,383.77,336.43,216.94,0.85
912,3,36.97,380.95,351.56,221.77,0.78
913,3,35.45,377.36,334.12,224.25,0.72
914,7,238.00,535.00,78.00,64.00,0.75
915,3,39.60,375.87,270.99,225.10,0.90
916,3,44.90,376.66,228.50,227.04,0.91
917,3,49.32,377.62,213.12,227.73,0.92
918,3,54.91,380.01,205.73,229.30,0.90
919,3,63.71,383.59,196.62,236.45,0.80
920,3,68.69,384.97,186.22,243.69,0.87
921,3,77.98,388.76,176.78,247.08,0.73
923,3,88.80,399.21,182.54,242.82,0.69
924,3,89.95,406.46,214.39,235.97,0.90
925,3,92.25,412.31,220.92,226.22,0.71
926,3,92.52,416.39,232.23,205.14,0.69
927,3,93.23,419.80,228.89,198.86,0.67
928,3,93.45,423.63,223.92,194.77,0.71
929,3,93.50,428.28,221.74,191.45,0.75
930,3,93.48,431.20,220.74,191.12,0.72
931,3,94.75,432.12,218.89,191.16,0.70
932,3,96.52,432.34,217.39,192.66,0.66
933,3,97.82,431.64,215.38,191.99,0.64
934,3,98.27,430.61,214.51,195.87,0.60
937,3,91.13,424.75,211.81,224.51,0.60
938,3,83.65,421.68,214.56,228.52,0.76
939,3,77.18,419.20,217.46,230.61,0.80
940,3,70.82,415.66,219.87,231.31,0.83
941,3,65.16,412.36,222.09,230.82,0.85
942,3,61.09,408.51,222.25,230.53,0.79
942,8,325.00,329.00,95.00,104.00,0.88
943,3,59.62,405.11,220.98,230.97,0.74
943,8,309.00,327.40,119.00,141.60,0.89
944,3,59.15,400.59,218.49,232.37,0.79
944,8,291.13,333.37,141.87,164.11,0.87
945,3,59.06,396.31,216.87,234.14,0.76
945,8,271.07,352.94,169.37,172.82,0.89
946,3,61.75,394.08,212.95,236.05,0.83
946,8,253.62,391.52,187.82,157.80,0.87
947,3,65.50,391.35,177.48,237.36,0.63
947,8,236.04,435.17,196.68,130.29,0.88
948,3,67.09,387.76,291.00,233.21,0.52
948,8,209.56,473.80,203.97,103.06,0.62
949,8,196.84,494.75,182.71,87.99,0.74
950,8,199.62,509.35,138.84,76.54,0.84
951,8,207.63,514.37,86.09,74.74,0.80
952,3,69.35,388.02,226.33,245.56,0.84
953,3,70.93,389.72,218.00,246.19,0.90
954,3,76.40,391.64,216.28,249.69,0.89
955,3,80.91,392.38,213.11,251.63,0.84
956,3,85.08,395.95,214.22,249.06,0.87
957,3,89.13,401.29,214.12,244.72,0.91
958,3,91.79,405.95,204.82,239.06,0.89
959,3,93.91,410.34,209.07,234.93,0.80
963,3,98.70,424.78,216.69,233.13,0.50
965,3,100.55,428.96,218.74,230.62,0.57
966,3,101.51,430.99,217.60,219.22,0.67
967,3,101.15,431.64,217.19,213.85,0.72
968,3,99.63,431.81,215.72,209.27,0.75
969,3,97.67,431.80,214.50,204.98,0.72
970,3,94.90,431.05,213.39,202.82,0.81
971,3,89.84,430.05,212.99,202.81,0.82
972,3,84.62,428.97,212.86,209.59,0.80
973,3,80.67,427.89,211.50,209.50,0.76
973,9,319.00,329.00,86.00,129.00,0.87
974,3,75.23,426.79,212.33,210.84,0.73
974,9,304.60,326.60,126.00,193.80,0.83
975,3,69.93,425.69,212.66,208.07,0.74
975,9,279.13,355.08,180.20,230.21,0.79
976,9,250.87,402.06,210.42,190.42,0.76
977,9,221.92,459.60,221.39,127.13,0.76
978,9,193.56,497.28,222.72,87.37,0.82
979,9,183.24,508.56,208.02,75.62,0.73
980,9,190.78,513.61,156.49,72.12,0.76
981,9,195.36,519.09,124.13,73.22,0.77
982,9,203.68,530.63,79.04,61.20,0.65
983,3,53.97,411.55,220.61,232.81,0.76
984,3,56.07,409.43,222.45,232.96,0.72
985,3,60.07,407.37,216.49,236.24,0.54
986,3,62.99,404.04,223.50,247.18,0.67
987,3,68.65,403.44,221.50,253.86,0.71
988,3,76.16,404.55,218.71,249.30,0.83
989,3,82.31,404.41,216.30,244.07,0.84
990,3,85.90,405.06,195.47,243.96,0.66
991,3,89.25,407.97,195.77,235.32,0.60
992,3,91.04,412.47,211.37,231.93,0.56
993,3,91.02,414.82,216.37,228.00,0.66
995,3,89.50,423.66,221.66,196.53,0.68
997,3,86.68,431.35,222.03,179.94,0.72
998,3,84.56,434.70,224.03,178.09,0.72
999,3,83.80,435.79,223.42,181.59,0.67
1000,3,83.48,436.83,223.18,172.85,0.72
1001,3,82.68,437.18,221.11,169.59,0.61
1002,3,81.04,437.28,219.66,182.09,0.57
1003,3,78.42,436.66,219.79,200.91,0.60
1004,3,76.11,433.86,217.86,220.84,0.72
1007,3,66.46,428.94,214.53,248.13,0.63
1008,3,63.64,428.15,209.95,248.08,0.58
1009,3,60.01,425.22,207.05,247.36,0.65
1010,3,56.06,422.11,207.35,248.98,0.75
1010,10,332.00,328.00,70.00,181.00,0.84
1011,3,53.34,419.60,208.83,249.54,0.70
1011,10,321.60,332.00,86.80,219.40,0.86
1012,3,50.41,417.97,210.73,249.05,0.69
1012,10,293.91,353.68,123.52,212.61,0.89
1013,3,46.74,416.03,211.47,252.08,0.67
1013,10,263.86,400.49,173.16,193.08,0.88
1014,10,235.34,456.35,207.80,132.80,0.86
1015,10,205.57,506.27,228.31,79.52,0.82
1016,10,193.42,527.11,217.17,61.03,0.80
1017,3,39.65,410.90,302.26,242.50,0.52
1018,10,196.59,524.89,150.60,72.55,0.81
1019,3,45.03,406.08,246.21,245.09,0.76
1020,3,50.74,404.37,224.72,247.17,0.86
1021,3,53.16,402.45,221.74,249.88,0.77
1022,3,55.96,399.14,223.53,254.83,0.79
1023,3,60.24,397.26,224.34,256.02,0.81
1024,3,67.74,395.94,220.80,258.40,0.84
1025,3,77.13,396.15,213.61,255.98,0.88
1026,3,82.46,397.61,211.82,254.34,0.80
1027,3,87.61,402.17,204.58,251.04,0.90
1028,3,91.33,406.58,206.19,251.76,0.82
1029,3,95.22,410.22,198.83,251.36,0.88
1030,3,98.48,413.57,185.40,252.52,0.87
1032,3,106.44,419.77,188.05,256.08,0.88
1033,3,110.11,424.45,187.67,252.10,0.89
1034,3,112.72,428.09,194.82,248.00,0.91
1035,3,116.25,432.03,202.03,247.82,0.91
1036,3,129.87,438.07,201.49,248.43,0.91
1037,3,144.94,446.87,202.49,250.66,0.90
1038,3,163.65,455.35,199.52,250.85,0.91
1039,3,183.83,465.70,198.31,246.31,0.92
1040,3,203.08,476.77,199.12,237.26,0.91
1041,3,221.90,488.77,197.42,225.83,0.89
1042,3,241.91,501.77,192.76,212.85,0.87
1043,3,263.03,513.04,189.63,202.10,0.83
1044,3,279.78,521.56,189.13,194.32,0.76
1045,3,287.55,524.25,192.28,191.10,0.67
1046,3,299.26,527.65,192.14,187.41,0.70
1048,3,322.36,535.65,187.37,179.73,0.59
