47,1,652.00,620.00,111.00,92.00,0.74
48,1,645.60,620.00,111.80,92.80,0.82
49,1,640.52,621.54,108.11,92.19,0.82
50,1,632.50,625.95,107.67,86.52,0.77
51,1,625.71,628.80,105.36,83.25,0.80
52,1,622.32,634.04,101.01,79.40,0.81
53,1,616.41,641.46,98.20,72.43,0.82
54,1,611.10,647.38,95.23,68.13,0.82
55,1,604.59,654.17,93.63,61.84,0.74
56,1,603.25,661.26,86.91,55.62,0.58
82,2,423.00,650.00,64.00,67.00,0.81
83,2,422.20,643.60,68.80,73.40,0.87
84,2,422.80,637.92,71.21,78.34,0.87
85,2,421.51,632.89,75.85,82.35,0.88
86,2,418.91,629.14,81.64,87.19,0.88
87,2,411.85,619.72,84.99,95.66,0.89
88,2,400.49,608.44,90.11,107.24,0.91
89,2,392.32,599.71,90.64,116.10,0.91
90,2,384.02,591.31,91.97,124.56,0.88
91,2,376.42,583.71,97.59,132.19,0.83
92,2,372.35,577.07,99.03,138.85,0.82
93,2,363.85,571.45,103.97,143.85,0.81
94,2,360.05,568.14,104.53,147.54,0.84
95,2,356.85,567.04,105.25,148.81,0.86
96,2,355.80,566.20,102.18,150.35,0.91
97,2,354.98,564.78,98.21,151.41,0.90
98,2,353.56,563.78,95.93,152.27,0.88
99,2,350.53,562.92,93.69,153.08,0.88
100,2,348.22,561.46,92.14,155.16,0.87
101,2,344.85,559.10,94.20,157.12,0.86
102,2,342.39,555.10,96.93,160.33,0.82
103,2,340.27,551.73,100.55,163.38,0.84
104,2,341.51,548.62,101.91,165.73,0.73
105,2,345.39,546.25,101.74,166.51,0.85
106,2,349.63,548.07,102.28,163.44,0.89
107,2,352.62,548.28,106.38,164.06,0.91
108,2,348.63,549.77,118.23,162.25,0.86
109,2,342.10,552.43,133.40,156.19,0.86
110,2,349.97,556.23,133.90,153.11,0.88
111,2,364.26,562.36,127.53,146.59,0.87
112,2,371.34,567.42,126.10,142.76,0.86
113,2,383.78,574.00,121.58,135.30,0.82
114,2,387.20,579.14,123.05,133.26,0.82
115,2,393.00,584.32,120.94,129.88,0.88
116,2,400.43,594.29,116.10,120.56,0.88
117,2,404.47,602.00,114.87,113.77,0.87
118,2,405.86,608.02,114.40,108.04,0.87
119,2,400.28,610.65,118.86,105.50,0.85
120,2,395.54,611.40,123.12,104.76,0.79
121,2,391.70,610.84,126.03,105.31,0.82
122,2,387.57,610.52,131.66,106.30,0.83
123,2,387.90,610.30,133.15,106.08,0.85
124,2,391.91,610.78,131.71,105.41,0.84
125,2,394.77,612.22,129.77,103.23,0.84
126,2,394.53,612.67,131.61,103.17,0.85
127,2,391.80,616.12,136.84,99.86,0.84
128,2,395.27,615.97,136.21,100.74,0.82
130,2,398.59,611.82,120.88,104.56,0.69
131,2,397.88,609.33,102.77,107.72,0.85
132,2,396.14,609.72,81.08,107.56,0.83
133,2,393.18,614.47,55.99,102.20,0.81
135,2,370.00,637.07,38.82,78.52,0.73
136,2,356.25,654.30,39.41,62.42,0.72
196,3,481.00,347.00,158.00,162.00,0.78
197,3,449.00,346.20,197.20,206.80,0.84
198,3,425.38,348.90,214.95,242.45,0.84
199,3,406.67,387.68,222.72,245.16,0.89
200,3,378.54,444.90,227.18,217.31,0.91
201,3,351.71,501.65,217.32,182.30,0.74
205,3,366.06,606.40,152.52,83.35,0.57
206,3,358.33,601.89,139.96,77.28,0.86
207,3,345.27,597.86,121.31,77.06,0.86
208,3,331.01,581.05,107.02,86.44,0.75
209,3,321.17,571.62,100.41,90.09,0.72
210,3,312.68,568.56,95.94,88.90,0.82
211,3,308.27,566.72,92.81,89.23,0.76
212,3,305.81,565.38,90.75,91.44,0.78
213,3,305.34,565.59,91.12,92.27,0.81
214,3,306.81,568.35,92.16,90.62,0.83
215,3,308.90,572.78,92.71,88.00,0.84
216,3,309.83,577.13,93.08,85.70,0.86
217,3,309.63,578.70,94.71,84.90,0.85
218,3,308.98,581.25,96.74,85.32,0.86
219,3,307.50,581.48,97.58,86.17,0.84
220,3,305.72,582.19,99.29,86.52,0.82
221,3,304.47,582.41,99.32,85.34,0.86
222,3,301.44,583.12,97.40,83.59,0.87
223,3,297.05,581.33,94.05,82.96,0.85
224,3,291.48,576.63,93.54,83.42,0.88
225,3,286.87,569.56,92.06,85.61,0.88
226,3,281.92,564.96,91.57,85.13,0.87
227,3,278.21,559.92,92.78,86.28,0.88
228,3,275.62,554.79,94.59,86.71,0.88
229,3,272.13,552.91,94.64,85.57,0.87
230,3,268.29,552.28,93.36,85.13,0.85
231,3,261.65,550.80,93.57,86.97,0.87
232,3,255.99,550.30,91.68,87.65,0.88
233,3,252.69,549.52,90.99,89.89,0.88
234,3,250.28,553.85,94.76,89.42,0.90
235,3,252.74,558.22,98.12,89.23,0.89
236,3,255.76,563.86,103.32,89.14,0.89
237,3,260.21,569.96,107.23,91.08,0.81
238,3,265.90,576.17,112.60,94.42,0.88
239,3,270.71,586.93,118.49,96.98,0.74
240,3,274.53,595.58,123.30,100.53,0.82
241,3,279.88,605.93,123.87,101.24,0.73
241,4,423.00,353.00,342.00,172.00,0.86
242,3,283.30,615.07,124.65,99.52,0.56
242,4,408.60,384.20,348.40,159.20,0.86
243,3,283.32,620.41,128.12,97.49,0.75
243,4,389.75,439.33,334.30,119.55,0.87
244,3,284.60,619.62,126.83,98.67,0.73
244,4,369.13,452.64,295.47,166.00,0.88
245,4,404.13,469.15,188.50,159.67,0.85
246,3,281.54,593.78,121.19,109.91,0.68
247,3,263.63,579.27,112.61,132.36,0.82
247,4,348.90,484.27,116.22,192.68,0.74
248,3,247.16,556.94,102.83,157.05,0.78
248,4,325.23,478.78,105.76,216.40,0.76
249,3,228.83,541.05,107.07,175.08,0.85
249,4,306.35,470.14,95.55,184.30,0.80
250,3,215.36,531.87,107.83,185.10,0.71
250,4,288.00,461.75,89.30,219.73,0.59
251,3,202.48,525.65,104.85,192.19,0.83
251,4,277.13,459.05,86.42,179.78,0.65
252,3,190.51,517.62,99.74,199.89,0.82
253,3,178.93,504.50,97.94,214.07,0.79
254,3,166.93,495.01,94.65,223.95,0.84
254,4,245.31,464.21,89.93,241.52,0.57
255,3,156.10,486.30,92.18,232.13,0.82
255,4,242.17,465.99,87.85,248.65,0.61
256,3,148.47,481.68,92.06,235.85,0.68
256,4,237.81,466.37,88.34,253.84,0.53
257,3,143.33,480.00,94.11,236.47,0.65
258,3,140.39,482.72,96.25,234.56,0.64
259,3,138.91,486.55,96.43,230.35,0.70
260,3,140.66,491.46,95.21,224.59,0.68
261,3,144.28,495.47,94.12,221.53,0.70
262,3,147.85,496.42,93.08,220.24,0.73
263,3,151.36,498.83,91.39,218.33,0.62
264,3,156.18,499.15,89.46,217.50,0.72
265,3,160.09,499.33,86.77,217.77,0.72
266,3,163.66,499.43,84.48,217.15,0.80
267,3,167.04,499.51,81.67,216.85,0.76
268,3,168.98,499.58,81.39,216.69,0.81
269,3,170.36,499.63,81.34,216.58,0.82
270,3,170.86,499.67,81.37,216.50,0.78
271,3,169.03,500.37,82.10,215.12,0.81
272,3,167.02,500.00,85.07,215.89,0.81
273,3,164.30,498.55,85.54,217.47,0.82
274,3,161.29,496.04,84.41,218.71,0.61
275,3,156.18,487.87,85.33,227.05,0.81
276,3,151.68,482.22,88.32,234.07,0.84
277,3,145.46,477.50,92.71,238.66,0.84
278,3,139.91,472.49,96.31,242.97,0.89
279,3,135.88,468.69,96.41,243.89,0.86
279,5,461.00,350.00,242.00,203.00,0.86
280,3,131.80,464.06,95.76,246.76,0.85
280,5,418.60,358.80,278.80,236.60,0.84
281,3,129.02,456.52,92.86,250.38,0.80
281,5,387.27,446.85,291.45,182.68,0.83
282,3,127.42,454.37,93.05,250.38,0.81
282,5,353.20,557.73,285.06,105.98,0.84
283,3,130.20,454.33,91.14,248.97,0.81
283,5,324.77,582.13,241.61,132.44,0.79
284,3,138.02,461.66,85.75,244.41,0.79
284,5,306.67,583.24,171.15,143.88,0.59
285,3,151.94,474.50,82.35,237.95,0.81
286,3,168.54,490.74,85.22,224.81,0.78
288,3,179.45,493.08,147.54,223.95,0.64
289,3,223.87,503.55,113.26,147.12,0.58
292,3,188.92,520.07,159.89,187.97,0.62
293,3,182.54,513.38,162.44,201.36,0.58
304,3,171.23,502.48,146.70,215.80,0.79
307,3,168.61,503.24,145.07,212.64,0.74
308,3,168.83,503.27,145.70,212.10,0.60
309,3,168.24,503.95,145.24,209.92,0.61
311,3,167.97,502.62,170.96,212.21,0.56
312,3,170.47,500.20,154.25,216.89,0.58
313,3,169.50,499.34,149.01,217.89,0.51
314,3,164.47,501.65,149.80,214.30,0.60
315,3,161.31,500.56,152.72,216.20,0.70
316,3,158.83,499.49,156.43,217.56,0.73
317,3,157.92,499.09,151.28,218.06,0.71
318,3,159.62,498.95,150.55,218.22,0.80
319,3,160.29,499.56,161.54,217.60,0.66
320,3,162.47,499.14,158.50,218.01,0.67
321,3,166.01,498.99,158.51,218.80,0.76
322,3,168.01,498.28,169.00,219.75,0.69
323,3,166.83,504.60,178.02,211.53,0.67
324,3,169.55,504.36,178.31,211.70,0.68
325,3,169.98,505.58,184.79,210.45,0.65
326,3,170.14,506.03,191.70,209.99,0.52
330,3,170.81,562.05,159.15,152.26,0.59
334,3,165.69,563.06,160.55,151.60,0.52
336,3,165.70,573.18,159.41,141.63,0.63
337,3,167.17,523.02,161.80,193.67,0.62
338,3,166.35,543.86,191.75,172.33,0.72
339,3,166.68,567.27,178.39,147.82,0.55
340,3,171.48,566.52,189.39,149.47,0.69
341,3,173.86,566.27,192.08,150.01,0.76
342,3,174.78,568.83,192.37,148.20,0.75
343,3,175.12,572.45,191.73,143.48,0.67
344,3,175.23,573.12,185.50,141.70,0.53
346,3,227.64,570.18,112.95,87.39,0.66
347,3,240.55,571.69,94.43,68.69,0.54
348,3,189.92,573.60,149.31,124.84,0.72
349,3,177.75,574.14,162.32,136.47,0.66
350,3,171.77,576.77,166.26,140.41,0.62
351,3,170.28,578.50,164.99,140.99,0.52
352,3,168.70,578.53,163.55,142.16,0.76
353,3,167.01,578.51,163.44,141.75,0.75
354,3,165.91,579.75,164.54,140.04,0.73
355,3,165.01,582.15,164.82,137.19,0.72
356,3,164.84,575.20,162.83,143.07,0.62
357,3,163.64,527.64,161.92,190.77,0.57
358,3,162.02,516.54,160.15,202.73,0.51
359,3,160.22,508.68,160.70,210.67,0.51
360,3,159.00,501.87,160.19,216.74,0.66
361,3,158.00,499.27,161.24,219.55,0.68
362,3,157.07,499.05,162.90,219.11,0.70
363,3,157.47,498.52,162.16,219.26,0.70
364,3,155.09,499.12,163.80,218.42,0.67
365,3,154.93,500.81,166.34,216.54,0.71
366,3,154.28,499.68,166.61,217.51,0.73
367,3,153.46,500.01,166.65,217.05,0.73
368,3,153.22,506.79,166.62,210.15,0.70
369,3,153.19,507.58,166.57,208.57,0.72
370,3,153.24,507.94,166.51,207.86,0.71
371,3,152.65,516.71,165.79,198.27,0.70
372,3,153.80,533.58,165.49,181.01,0.70
373,3,154.28,544.73,165.35,169.67,0.73
374,3,154.49,554.11,164.62,160.88,0.73
375,3,154.60,546.89,163.00,167.59,0.73
376,3,152.02,560.39,163.70,154.58,0.70
377,3,149.09,561.96,166.60,153.17,0.51
381,3,145.08,508.07,153.75,208.46,0.60
382,3,143.36,501.80,158.53,214.96,0.61
383,3,143.46,499.39,153.34,217.38,0.67
384,3,144.90,523.42,148.71,192.66,0.64
385,3,143.44,508.17,147.73,208.21,0.57
386,3,143.59,511.74,146.09,204.12,0.62
389,3,142.62,528.67,151.76,187.07,0.67
390,3,142.53,527.74,154.20,187.17,0.52
391,3,143.16,527.47,158.99,187.84,0.55
392,3,142.78,527.35,162.08,187.47,0.58
393,3,143.31,537.27,161.92,177.40,0.54
394,3,144.20,539.64,161.79,175.02,0.59
395,3,145.22,549.20,157.10,165.48,0.58
396,3,146.30,550.59,150.60,163.45,0.69
397,3,148.06,553.71,147.46,160.12,0.77
398,3,148.04,545.23,147.66,169.23,0.74
399,3,148.69,542.18,149.74,173.16,0.77
400,3,148.94,545.57,162.42,169.47,0.74
401,3,149.67,538.16,154.95,176.78,0.73
402,3,149.95,532.18,151.13,182.07,0.76
403,3,150.05,514.91,159.71,200.39,0.76
404,3,150.73,507.14,151.81,208.55,0.79
405,3,151.66,506.01,148.59,209.84,0.78
406,3,153.33,503.75,148.74,212.18,0.78
407,3,153.27,504.26,149.48,211.69,0.76
408,3,153.23,505.21,151.75,210.76,0.75
409,3,152.54,505.67,163.80,210.97,0.74
410,3,152.28,503.95,158.68,212.28,0.75
411,3,152.16,501.39,157.83,215.33,0.77
412,3,151.45,514.17,150.89,201.44,0.75
413,3,151.17,528.73,164.98,185.77,0.72
414,3,150.43,514.92,166.14,199.86,0.71
415,3,150.78,532.99,159.36,181.24,0.71
416,3,150.93,513.56,164.63,201.83,0.74
417,3,150.32,521.18,153.51,193.31,0.71
418,3,150.09,520.37,144.31,194.42,0.77
419,3,149.32,516.10,141.66,199.46,0.77
420,3,147.70,511.24,140.08,204.62,0.74
421,3,146.44,506.14,138.88,209.83,0.71
422,3,146.67,500.97,145.89,215.69,0.74
423,3,145.44,500.98,141.26,215.30,0.67
424,3,144.99,503.68,139.46,212.45,0.73
425,3,144.17,503.46,140.17,212.60,0.65
426,3,143.89,502.11,142.46,213.93,0.70
427,3,142.48,503.60,144.00,213.08,0.71
428,3,141.30,501.59,142.62,215.34,0.74
429,3,139.55,500.86,142.76,216.16,0.72
430,3,139.59,500.62,142.17,216.43,0.70
431,3,139.63,500.56,141.95,216.49,0.76
432,3,139.67,499.92,140.56,216.47,0.74
433,3,139.05,499.70,140.71,216.44,0.75
434,3,138.83,499.65,140.78,217.05,0.75
435,3,138.77,500.32,140.82,216.60,0.78
436,3,139.43,500.59,140.19,216.40,0.79
437,3,139.03,500.72,139.30,216.30,0.81
438,3,138.23,500.12,138.31,216.25,0.79
439,3,138.61,499.91,138.62,216.21,0.81
440,3,138.10,499.84,138.09,216.18,0.80
441,3,137.92,499.83,137.90,216.16,0.83
442,3,139.20,499.84,137.18,216.14,0.82
443,3,139.68,499.85,136.93,216.12,0.82
444,3,139.21,499.87,136.18,216.11,0.82
445,3,139.70,499.89,134.59,216.10,0.73
446,3,139.22,499.90,135.35,216.75,0.80
447,3,139.71,499.91,136.30,216.98,0.79
448,3,139.23,500.58,136.02,215.75,0.77
449,3,141.70,499.52,137.24,217.92,0.74
450,3,140.65,499.78,138.37,216.75,0.81
451,3,142.88,499.88,136.83,216.96,0.79
452,3,143.72,499.27,138.22,217.69,0.84
453,3,144.03,499.70,138.09,217.30,0.81
454,3,144.79,499.87,139.36,217.15,0.79
455,3,145.07,499.27,141.15,217.75,0.80
456,3,145.16,499.05,137.89,217.97,0.80
457,3,145.17,499.63,139.27,217.39,0.79
458,3,145.17,499.20,139.79,218.48,0.75
459,3,145.15,499.04,139.98,218.23,0.74
460,3,145.14,498.98,142.68,218.13,0.78
461,3,145.12,499.62,145.66,217.42,0.80
462,3,145.11,499.20,143.52,217.81,0.78
463,3,143.12,500.37,143.31,216.64,0.67
464,3,141.70,498.16,145.86,218.84,0.68
465,3,141.17,498.65,143.53,219.01,0.80
466,3,138.33,498.85,152.54,219.06,0.85
467,3,136.64,499.58,149.40,217.76,0.81
468,3,132.05,499.86,149.40,217.26,0.80
469,3,129.68,499.97,150.69,217.07,0.84
470,3,127.52,498.68,145.25,216.34,0.84
471,3,126.08,494.23,148.45,220.04,0.89
472,3,124.92,489.28,149.62,222.74,0.87
472,6,318.00,348.00,158.00,117.00,0.89
473,3,125.19,483.48,148.08,224.41,0.84
473,6,310.80,349.60,168.40,149.80,0.90
474,3,126.01,478.69,149.45,225.03,0.87
474,6,307.18,364.78,156.77,170.51,0.86
475,3,127.66,473.64,149.30,227.21,0.84
475,6,304.31,389.02,147.12,187.24,0.86
476,3,128.99,471.79,145.92,228.67,0.78
476,6,299.70,415.05,137.70,195.27,0.79
477,3,132.85,471.83,139.96,231.16,0.78
477,6,295.42,433.27,133.80,205.79,0.82
478,3,137.01,474.54,137.06,232.08,0.76
478,6,291.30,454.76,127.03,212.71,0.87
479,3,140.54,474.99,136.70,235.01,0.77
479,6,287.95,478.82,122.28,213.67,0.86
480,3,145.15,476.52,138.61,237.40,0.67
480,6,284.86,499.30,118.16,209.64,0.87
481,3,146.83,479.77,142.65,235.65,0.50
481,6,283.27,512.36,115.65,208.95,0.85
482,6,278.66,528.50,115.04,196.59,0.69
483,3,148.36,489.15,215.20,228.38,0.84
484,3,148.67,493.46,227.58,223.07,0.71
485,3,147.49,494.94,208.88,221.24,0.65
485,6,278.82,565.12,98.76,158.24,0.51
486,3,147.54,495.43,192.36,220.62,0.60
486,6,272.86,567.66,102.89,150.89,0.51
487,3,148.17,496.23,187.78,219.11,0.60
487,6,265.60,569.49,112.15,150.21,0.62
488,3,148.38,499.81,179.44,215.93,0.53
488,6,266.24,563.51,120.72,154.25,0.57
489,3,149.08,502.43,151.48,212.79,0.72
489,6,273.05,552.22,127.90,156.48,0.82
490,3,147.86,503.35,144.62,211.02,0.71
490,6,280.36,533.51,140.27,159.45,0.85
491,3,148.14,502.95,141.69,211.77,0.74
491,6,282.01,505.68,154.47,151.31,0.89
492,3,147.53,501.43,140.02,214.10,0.82
492,6,286.44,471.65,162.60,129.19,0.89
493,3,146.61,501.47,154.45,214.36,0.74
493,6,293.96,431.06,163.28,101.81,0.87
494,3,146.28,502.11,159.56,213.83,0.61
494,7,304.00,364.00,165.00,78.00,0.72
495,3,145.49,501.66,159.61,215.00,0.76
496,3,145.83,503.44,160.23,212.81,0.67
497,3,145.30,502.76,158.46,214.01,0.78
498,3,144.44,501.82,157.07,215.14,0.78
499,3,144.78,502.10,155.87,214.92,0.81
500,3,145.57,502.19,156.72,214.86,0.78
501,3,145.21,502.20,156.37,214.84,0.76
502,3,145.73,502.19,156.88,214.19,0.78
503,3,145.27,502.18,157.06,214.62,0.67
504,3,145.09,504.14,155.14,213.47,0.68
505,3,144.36,501.56,155.73,215.69,0.83
506,3,142.77,501.24,155.28,215.88,0.83
507,3,141.51,501.11,149.82,215.95,0.78
508,3,139.03,501.06,148.41,215.32,0.79
509,3,137.47,503.68,149.25,213.09,0.77
510,3,135.59,502.01,140.30,214.25,0.81
511,3,134.23,501.38,140.31,214.69,0.81
512,3,133.10,502.46,138.34,212.88,0.74
513,3,130.71,502.87,138.33,212.20,0.65
514,3,128.52,502.35,147.73,212.62,0.69
515,3,126.45,502.81,149.23,212.13,0.66
523,3,115.07,501.09,120.42,215.81,0.56
524,3,115.44,498.23,123.31,217.41,0.69
525,3,116.13,497.94,117.15,215.97,0.72
526,3,116.45,496.52,130.14,214.09,0.80
527,3,117.85,497.33,133.92,210.72,0.86
528,3,118.45,498.32,135.43,208.12,0.82
529,3,120.67,498.71,132.05,205.83,0.78
530,3,122.21,498.19,128.05,203.01,0.71
531,3,122.11,499.34,123.88,199.31,0.62
532,3,120.72,497.76,128.42,197.31,0.66
533,3,119.56,495.84,125.46,195.96,0.73
534,3,117.12,493.81,124.33,195.51,0.68
535,3,115.55,492.40,120.59,194.07,0.75
536,3,114.31,493.23,107.10,190.91,0.73
537,3,113.19,490.90,110.51,191.80,0.77
538,3,111.48,489.39,102.92,188.85,0.63
572,3,97.88,459.95,121.95,226.91,0.55
573,8,308.00,452.00,127.00,223.00,0.81
574,8,309.60,465.60,116.60,239.80,0.88
575,8,310.71,480.95,101.08,233.18,0.86
576,8,310.20,497.32,90.55,219.12,0.86
577,8,307.59,513.36,76.21,202.71,0.74
578,8,297.05,523.61,81.54,192.92,0.73
578,3,136.99,493.29,124.83,219.67,0.70
579,3,145.62,500.25,123.63,215.48,0.62
580,3,152.52,499.14,180.42,218.16,0.59
581,3,158.64,498.65,194.31,219.16,0.74
582,3,162.41,501.67,200.41,216.25,0.66
583,3,165.05,504.04,203.30,213.17,0.72
584,3,166.59,502.82,206.12,214.72,0.64
585,3,167.71,505.61,208.95,212.68,0.51
589,3,166.80,507.64,208.90,209.31,0.52
590,3,162.97,506.17,210.20,211.79,0.74
591,3,161.09,503.05,211.94,214.59,0.79
595,3,161.77,590.86,218.15,125.64,0.52
607,3,151.97,597.52,180.92,118.98,0.57
616,3,246.87,631.06,118.78,84.27,0.55
617,3,267.75,635.56,104.30,79.55,0.58
619,3,278.70,630.12,106.53,82.72,0.75
620,3,281.22,630.02,108.04,81.20,0.83
623,3,284.01,634.36,109.95,77.66,0.82
624,3,283.79,636.44,110.00,77.75,0.81
625,3,282.35,638.45,110.01,75.76,0.81
626,3,280.36,641.86,112.02,73.01,0.78
627,3,278.22,640.34,112.10,74.76,0.79
628,3,277.97,638.44,114.11,76.73,0.74
629,3,276.51,638.35,141.12,76.83,0.83
630,3,274.21,641.61,129.64,74.22,0.81
631,3,273.69,645.51,125.32,71.23,0.79
632,3,271.49,647.58,122.32,69.47,0.80
633,3,269.98,642.87,117.84,74.28,0.77
634,3,266.72,636.63,118.78,79.90,0.78
635,3,263.54,632.93,109.86,82.07,0.87
636,3,260.95,630.82,106.37,84.20,0.87
637,3,260.06,630.67,104.47,84.36,0.84
638,3,259.76,630.00,124.77,85.04,0.84
639,3,262.13,629.76,129.31,85.27,0.85
640,3,263.82,629.04,124.08,84.03,0.83
641,3,265.19,628.79,116.56,82.20,0.81
642,3,266.39,628.72,122.38,82.16,0.81
643,3,268.12,628.72,121.84,81.47,0.78
644,3,270.10,629.40,115.67,79.88,0.76
645,3,274.21,633.68,123.32,79.27,0.80
646,3,278.91,644.59,93.70,68.41,0.52
647,3,279.31,644.59,94.77,68.42,0.51
648,3,280.15,642.54,103.91,69.12,0.63
649,3,280.44,639.75,98.00,68.06,0.74
650,3,280.46,640.02,94.96,65.69,0.67
651,3,281.11,639.42,95.95,66.22,0.68
652,3,282.65,639.87,110.39,69.80,0.61
653,3,283.22,640.03,109.25,70.47,0.58
654,3,282.73,639.42,99.53,65.46,0.62
655,3,279.75,637.81,105.88,69.68,0.56
656,3,280.68,637.25,97.02,62.65,0.52
658,3,277.08,636.90,92.92,60.35,0.58
659,3,275.53,633.35,90.78,65.57,0.54
664,3,263.71,631.79,94.61,63.27,0.52
666,3,257.01,628.54,100.52,75.01,0.51
667,3,255.09,629.16,93.76,65.95,0.60
669,3,251.10,626.40,92.34,63.68,0.52
670,3,250.43,625.21,92.07,63.13,0.59
671,3,246.23,624.15,96.63,74.33,0.55
672,3,242.77,625.00,108.71,83.24,0.61
673,3,240.84,626.62,114.53,85.02,0.64
674,3,242.69,629.24,108.60,77.40,0.59
675,3,244.25,630.35,102.74,74.81,0.57
676,3,244.92,630.75,109.14,81.15,0.59
677,3,243.87,630.90,110.79,83.43,0.66
678,3,242.87,631.60,109.44,82.36,0.57
679,3,245.82,633.19,102.28,75.99,0.77
680,3,247.03,635.83,99.46,73.43,0.78
681,3,247.49,640.80,96.42,69.81,0.74
682,3,248.36,645.33,94.63,65.76,0.73
683,3,248.70,646.93,95.34,65.67,0.78
684,3,249.49,647.45,94.96,67.68,0.76
685,3,250.47,648.27,96.17,68.44,0.78
686,3,250.83,652.50,93.32,64.76,0.78
687,3,251.64,654.04,94.26,63.36,0.78
688,3,251.93,655.21,93.30,62.21,0.80
689,3,250.70,655.58,93.61,61.14,0.77
690,3,250.24,657.67,93.75,60.11,0.77
691,3,250.73,657.03,94.48,60.44,0.79
692,3,250.92,655.41,94.76,61.92,0.82
693,3,249.66,652.79,96.85,63.81,0.84
694,3,248.54,651.78,97.64,64.54,0.85
695,3,248.11,650.71,97.94,65.48,0.84
696,3,247.30,650.95,97.39,65.18,0.84
697,3,247.00,650.38,97.83,65.73,0.85
698,3,246.90,650.16,97.99,65.93,0.85
699,3,245.55,649.41,98.71,66.66,0.85
700,3,244.40,649.13,100.29,66.94,0.86
701,3,243.32,649.03,100.88,67.04,0.84
702,3,242.27,648.99,100.43,67.07,0.83
703,3,241.89,648.97,98.93,67.07,0.83
704,3,241.77,648.31,98.35,67.73,0.80
705,3,241.08,648.72,97.47,67.97,0.77
706,3,240.18,648.88,96.47,68.06,0.76
707,3,239.20,648.95,96.10,67.42,0.74
707,9,500.00,346.00,104.00,70.00,0.73
708,3,238.86,648.31,95.97,67.84,0.79
708,9,484.80,347.60,94.40,82.00,0.60
709,3,236.76,648.07,96.59,67.99,0.81
710,3,236.00,647.99,96.83,67.38,0.80
711,3,235.74,648.62,96.92,67.15,0.79
712,3,235.01,648.86,98.94,67.72,0.80
713,3,234.10,648.95,100.36,67.27,0.79
714,3,233.78,649.65,100.89,66.44,0.76
715,3,233.69,649.91,101.08,66.12,0.79
716,3,233.02,650.67,102.45,65.34,0.78
717,3,232.79,652.28,102.96,65.06,0.77
718,3,232.73,652.87,103.14,64.29,0.79
719,3,232.72,653.08,103.19,64.01,0.80
720,3,232.08,653.15,102.54,63.92,0.80
721,3,231.86,653.16,100.95,63.89,0.82
722,3,229.81,653.15,101.01,63.89,0.82
723,3,229.06,653.13,101.03,63.90,0.83
724,3,228.14,651.79,102.35,64.57,0.81
725,3,227.81,651.29,102.85,64.83,0.81
726,3,227.06,651.09,103.03,64.93,0.81
727,3,226.80,651.02,103.09,64.97,0.81
728,3,225.40,650.99,103.76,64.98,0.79
729,3,224.24,652.31,104.01,64.33,0.80
730,3,223.17,650.81,103.43,64.75,0.80
731,3,221.47,650.25,105.85,65.56,0.78
732,3,220.86,649.39,106.74,66.53,0.78
733,3,219.35,649.72,106.42,66.24,0.77
734,3,218.14,649.20,105.61,66.78,0.76
735,3,217.73,649.00,107.28,67.64,0.75
736,3,218.25,648.28,106.58,68.61,0.75
737,3,218.49,648.01,108.28,68.97,0.73
738,3,218.61,647.92,108.90,68.45,0.73
739,3,218.67,648.55,110.44,67.57,0.78
740,3,219.37,649.46,111.66,66.57,0.81
741,3,219.66,650.48,111.45,65.52,0.79
742,3,221.09,650.86,110.69,64.47,0.79
743,3,221.65,650.99,110.38,64.08,0.78
744,3,221.87,651.04,110.24,63.94,0.78
745,3,221.95,651.05,110.18,63.90,0.78
746,3,222.64,651.72,108.83,63.23,0.78
747,3,222.90,651.96,108.30,62.99,0.79
748,3,224.99,652.05,107.44,62.91,0.76
749,3,225.76,651.41,107.12,64.22,0.76
750,3,226.71,652.48,107.66,64.05,0.74
751,3,227.71,652.89,107.87,63.99,0.74
752,3,228.07,653.03,107.95,63.97,0.73
753,3,228.19,653.08,107.98,63.97,0.77
754,3,227.55,651.77,109.32,64.63,0.75
755,3,226.64,650.61,111.13,64.88,0.73
756,3,226.94,650.17,113.78,64.97,0.76
757,3,225.74,650.01,115.43,65.01,0.75
758,3,226.58,651.27,117.35,63.70,0.76
759,3,226.90,652.42,117.40,63.87,0.72
760,3,227.02,654.17,117.39,62.61,0.74
761,3,227.06,655.50,117.36,60.80,0.67
762,3,226.41,655.30,117.33,60.81,0.72
763,3,226.16,655.22,117.29,60.82,0.69
764,3,226.06,655.18,117.26,61.51,0.72
765,3,224.05,655.15,117.89,61.77,0.77
766,3,223.29,655.13,118.11,61.88,0.78
767,3,221.69,654.45,118.84,62.58,0.79
768,3,220.44,654.85,120.41,62.19,0.79
769,3,219.98,654.99,120.99,62.05,0.78
770,3,219.82,655.04,121.19,61.99,0.78
771,3,219.78,654.40,121.25,62.64,0.74
772,3,220.44,654.15,121.91,62.88,0.72
773,3,220.05,653.40,123.45,63.63,0.75
774,3,219.91,653.11,124.02,63.91,0.73
775,3,219.87,653.01,125.53,64.02,0.76
775,10,193.00,349.00,58.00,57.00,0.76
776,3,220.52,653.63,124.77,63.39,0.73
776,10,218.60,352.20,64.40,69.80,0.71
777,3,223.41,654.53,123.13,61.83,0.74
777,10,233.05,358.54,84.21,88.67,0.54
778,10,205.62,351.82,152.05,119.15,0.67
779,10,196.65,348.30,212.23,153.51,0.66
780,10,194.21,347.84,263.43,187.30,0.83
780,3,229.10,656.64,121.38,59.41,0.52
781,10,193.26,348.24,320.82,219.58,0.83
781,3,229.97,658.35,123.12,58.36,0.61
782,10,196.89,349.02,369.86,251.60,0.66
783,10,217.64,349.98,402.86,275.80,0.77
784,10,249.50,349.23,427.02,295.84,0.84
785,10,282.02,355.52,439.41,301.42,0.88
785,3,242.76,660.83,116.82,56.22,0.54
786,10,316.04,381.55,433.22,283.29,0.87
786,3,245.54,661.06,118.17,56.01,0.59
787,10,344.68,424.37,415.54,244.51,0.89
787,3,253.11,663.14,113.94,55.27,0.68
788,10,363.31,466.97,399.97,202.12,0.90
788,3,256.54,663.23,116.40,53.67,0.66
789,10,371.21,502.15,375.45,165.00,0.87
789,3,261.03,661.89,117.98,55.11,0.68
790,10,374.76,524.70,354.05,138.39,0.71
790,3,263.95,662.06,116.60,54.97,0.68
791,3,266.26,662.77,122.74,54.93,0.53
792,3,271.61,665.02,116.56,52.93,0.58
793,3,274.21,665.18,116.75,52.85,0.56
794,3,277.73,664.56,110.87,52.84,0.52
794,10,384.37,559.21,284.09,98.03,0.50
795,10,388.67,561.01,266.83,96.96,0.59
797,3,280.03,664.20,102.32,54.63,0.60
797,10,397.91,571.83,258.72,98.72,0.50
798,3,280.59,662.75,102.56,56.30,0.70
799,3,283.47,662.23,107.34,54.93,0.63
800,3,285.80,661.38,104.49,55.04,0.68
801,3,287.26,661.72,105.38,54.42,0.53
801,10,448.28,632.22,201.11,80.97,0.53
802,3,289.72,662.52,101.08,52.85,0.64
803,3,291.91,662.83,102.83,52.92,0.66
804,3,292.65,662.94,104.14,54.28,0.63
804,10,472.18,661.04,206.58,58.50,0.51
805,3,295.49,664.30,111.91,53.47,0.56
806,3,299.10,662.83,110.29,53.82,0.60
807,3,301.08,662.94,114.87,54.61,0.59
808,3,301.78,662.98,117.21,53.59,0.62
809,3,304.56,664.32,112.90,53.20,0.59
810,3,305.55,665.49,113.80,51.72,0.59
811,3,305.86,665.92,114.12,51.17,0.52
812,3,304.59,664.06,116.20,52.31,0.59
815,3,297.34,664.86,102.69,52.88,0.60
816,3,295.84,662.26,96.79,53.66,0.69
817,3,296.76,658.06,95.66,56.57,0.70
818,3,297.75,654.57,96.68,58.29,0.71
819,3,297.42,653.87,95.76,58.30,0.73
820,3,299.29,652.99,94.14,59.59,0.78
821,3,299.96,652.68,93.60,59.41,0.76
822,3,300.19,653.25,94.12,58.67,0.76
823,3,302.25,652.19,95.70,60.34,0.74
824,3,303.00,652.46,96.98,59.00,0.72
825,3,301.27,651.94,98.14,57.13,0.65
826,3,298.61,649.77,96.63,58.41,0.77
827,3,298.25,648.34,100.72,61.50,0.76
828,3,300.72,648.46,103.53,63.95,0.75
829,3,302.97,650.47,104.61,63.60,0.74
830,3,305.13,651.95,99.13,61.47,0.73
831,3,306.61,653.21,95.64,58.63,0.69
832,3,307.13,653.70,94.36,57.54,0.72
833,3,304.61,653.21,93.92,57.82,0.74
834,3,302.99,652.37,97.11,58.58,0.70
835,3,300.41,651.40,102.89,60.19,0.71
836,3,299.44,649.08,104.44,62.10,0.74
837,3,298.41,648.20,106.98,62.83,0.71
838,3,297.37,647.23,108.58,64.40,0.73
839,3,296.99,646.87,109.17,64.33,0.71
840,3,295.55,646.11,106.75,62.32,0.72
841,3,293.69,645.84,111.06,65.51,0.72
842,3,291.07,645.10,113.29,66.67,0.71
843,3,290.08,642.24,111.53,65.80,0.62
844,3,287.76,643.12,114.08,65.43,0.65
845,3,287.56,642.83,114.36,65.28,0.67
846,3,287.53,642.08,117.05,67.18,0.68
847,3,287.54,641.81,118.05,67.89,0.65
848,3,286.27,640.43,120.34,70.75,0.73
849,3,285.81,639.92,118.59,69.89,0.66
850,3,286.33,638.44,106.67,62.30,0.70
851,3,285.90,637.91,103.34,59.96,0.67
852,3,286.45,637.74,107.60,63.23,0.62
853,3,286.65,639.00,109.79,64.39,0.62
854,3,287.41,637.54,111.95,69.44,0.65
855,3,285.74,635.72,110.80,70.04,0.61
857,3,284.22,634.94,114.90,74.02,0.63
858,3,281.28,638.83,121.10,75.43,0.68
859,3,283.45,640.27,120.10,72.70,0.63
860,3,283.68,641.49,120.97,73.60,0.70
861,3,283.78,640.63,120.62,73.93,0.63
862,3,283.83,638.32,121.11,77.33,0.78
870,11,414.00,452.00,215.00,167.00,0.73
876,12,387.00,379.00,216.00,203.00,0.81
877,12,381.40,367.00,214.40,211.00,0.79
877,3,262.36,641.00,143.65,77.01,0.73
878,12,371.05,363.96,217.18,214.04,0.85
878,3,261.05,641.06,142.37,76.99,0.73
879,12,361.41,362.13,215.01,216.63,0.85
879,3,259.94,640.42,140.54,76.98,0.68
880,12,353.42,363.85,210.47,221.83,0.80
880,3,258.90,638.84,144.40,77.64,0.54
881,12,344.62,370.18,203.15,221.35,0.77
881,3,254.65,639.57,156.22,77.23,0.57
882,12,334.86,377.36,197.90,221.02,0.87
882,3,253.69,636.53,159.41,79.73,0.60
883,12,327.66,385.39,189.88,220.81,0.86
883,3,252.73,635.40,149.67,81.31,0.60
884,12,321.36,397.06,182.34,217.94,0.85
884,3,253.10,633.02,138.30,83.87,0.64
885,12,316.05,398.48,175.72,220.90,0.72
885,3,251.28,632.13,138.07,84.83,0.57
886,3,247.33,631.81,139.32,83.88,0.66
887,3,244.58,631.71,140.45,83.48,0.63
888,3,243.61,631.70,142.86,84.62,0.63
889,3,242.64,630.41,143.10,85.04,0.70
890,3,241.68,629.93,144.50,85.84,0.68
891,3,239.40,631.08,143.69,85.47,0.67
892,3,237.28,636.15,144.69,81.36,0.69
892,12,251.92,411.94,149.87,198.23,0.66
893,3,235.21,638.79,145.05,79.09,0.63
894,3,231.86,640.42,146.48,76.92,0.58
894,12,232.77,428.41,137.28,183.79,0.55
895,3,231.31,639.66,145.70,78.15,0.66
895,12,227.77,442.46,128.19,172.96,0.65
896,3,231.84,634.72,142.07,82.59,0.70
897,3,231.45,632.23,140.68,84.25,0.73
898,3,228.70,631.26,142.16,84.88,0.69
898,12,224.80,447.91,125.98,173.51,0.78
899,3,226.40,631.57,142.06,85.11,0.69
899,12,226.92,437.09,137.12,185.67,0.67
900,3,224.27,633.01,142.68,83.87,0.68
900,12,233.96,422.41,146.00,201.49,0.63
901,3,222.86,633.59,142.91,84.04,0.69
901,12,244.60,408.46,155.19,211.99,0.83
902,3,220.42,631.83,143.66,86.07,0.61
902,12,257.86,383.78,162.56,230.09,0.51
903,3,221.53,632.48,139.98,85.52,0.60
903,12,271.51,379.17,171.76,230.20,0.84
904,3,220.04,634.07,139.91,83.97,0.63
904,12,286.43,372.36,180.99,232.52,0.81
905,12,303.74,373.72,190.23,233.25,0.88
906,12,325.11,379.59,190.00,232.07,0.87
906,3,217.80,635.58,138.36,81.68,0.61
907,3,222.90,635.24,130.60,81.82,0.59
908,3,228.17,635.13,124.43,81.20,0.63
908,12,372.59,401.27,157.50,228.29,0.71
909,12,392.19,440.93,134.55,197.26,0.81
910,12,397.18,460.77,119.01,179.10,0.74
911,12,397.57,473.53,104.12,161.21,0.60
912,12,392.62,470.35,96.77,159.71,0.78
913,12,386.40,467.08,89.70,159.37,0.77
914,12,378.23,456.77,88.60,167.73,0.76
915,12,370.58,451.70,87.75,168.13,0.66
916,12,360.22,434.23,92.64,180.52,0.69
917,12,354.68,444.13,91.68,168.80,0.63
918,12,352.05,462.44,89.48,149.92,0.76
919,12,351.90,485.28,86.79,127.00,0.80
922,12,323.06,499.27,105.49,123.59,0.58
923,12,310.11,499.16,113.67,124.00,0.58
927,12,239.41,474.91,119.57,114.20,0.60
928,12,219.40,443.84,115.22,133.08,0.69
928,3,229.87,640.95,115.06,76.04,0.61
929,3,226.42,641.07,117.75,75.94,0.64
930,3,224.04,642.45,119.89,73.89,0.53
931,3,223.82,642.95,119.37,73.14,0.57
931,12,168.90,377.50,103.21,163.30,0.60
932,3,219.10,645.15,123.16,71.53,0.52
932,12,153.46,359.89,97.06,170.44,0.75
933,3,216.04,644.58,127.19,71.64,0.64
933,12,138.31,358.84,98.57,164.98,0.63
934,3,213.61,643.68,129.36,72.37,0.73
934,12,126.57,372.62,95.77,148.29,0.71
935,3,212.72,643.33,130.16,73.33,0.71
935,12,118.77,377.26,91.39,143.64,0.72
936,3,212.44,643.19,131.08,73.70,0.72
937,3,211.07,643.13,132.05,73.19,0.64
938,3,209.93,643.10,132.38,73.00,0.67
939,3,208.89,643.08,131.81,72.94,0.63
940,3,207.89,641.74,132.87,74.91,0.58
941,3,204.27,634.03,136.52,82.20,0.61
942,3,203.58,631.78,136.58,84.30,0.63
943,3,203.38,629.62,136.55,86.39,0.58
944,3,200.73,606.90,139.13,109.73,0.64
945,3,199.11,596.76,140.73,119.51,0.64
946,3,199.20,594.27,140.00,122.44,0.64
947,3,199.29,592.15,139.67,124.13,0.69
948,3,199.37,591.41,140.17,124.69,0.67
949,3,200.10,593.15,139.67,123.51,0.59
951,3,209.84,629.43,130.74,86.39,0.58
952,3,212.23,639.59,128.53,76.06,0.64
953,3,213.03,642.87,127.81,72.70,0.64
954,3,213.29,643.10,127.58,73.19,0.57
955,3,213.35,643.09,127.54,72.78,0.60
956,3,214.01,644.36,127.56,71.39,0.66
957,3,215.56,646.09,126.93,70.34,0.67
958,3,214.78,646.63,127.39,70.76,0.68
959,3,215.13,646.75,126.93,70.98,0.68
960,3,213.91,646.73,127.44,70.47,0.66
961,3,214.09,646.66,126.33,70.34,0.52
962,13,98.00,356.00,97.00,139.00,0.77
963,13,102.00,355.20,103.40,145.40,0.81
964,13,112.57,357.33,109.89,151.93,0.82
965,13,131.24,354.30,109.96,161.76,0.84
966,13,152.78,368.26,104.60,153.47,0.75
967,3,203.80,626.61,132.51,88.66,0.61
968,3,202.97,618.70,133.03,97.07,0.67
969,3,200.06,608.75,135.18,107.22,0.61
970,3,197.69,601.08,138.58,114.96,0.64
971,3,196.17,602.34,139.86,113.74,0.59
972,3,194.97,619.58,140.31,96.50,0.53
973,3,194.56,609.22,140.45,106.84,0.53
974,3,192.48,600.70,142.43,116.00,0.67
975,3,189.78,593.59,145.11,122.73,0.64
976,3,190.08,591.42,145.45,124.74,0.62
977,3,189.61,592.60,144.88,124.14,0.70
978,3,188.16,593.83,143.96,122.48,0.65
979,3,186.99,594.41,144.89,121.72,0.56
979,13,217.04,357.69,171.34,221.31,0.77
980,3,187.25,594.72,145.22,121.35,0.52
980,13,220.03,362.09,172.46,219.82,0.87
981,3,187.39,595.57,144.00,120.48,0.51
981,13,224.02,366.54,171.33,215.06,0.72
982,3,187.49,595.96,143.51,120.07,0.52
982,13,228.58,376.06,167.51,203.95,0.81
983,3,186.90,595.51,142.65,120.51,0.56
983,13,232.74,383.02,165.86,194.86,0.74
984,3,187.37,590.80,142.97,125.87,0.62
984,13,238.05,390.90,161.89,184.72,0.77
985,3,185.59,585.83,145.06,131.09,0.62
986,3,185.60,582.66,146.49,134.35,0.65
986,13,252.34,398.28,156.39,177.87,0.64
987,3,187.60,584.06,146.37,132.33,0.58
987,13,262.49,399.61,152.47,181.17,0.65
988,3,187.07,582.10,158.81,134.70,0.50
988,13,273.92,410.01,148.46,176.32,0.73
989,3,187.52,587.25,162.13,129.06,0.52
989,13,279.85,408.45,153.74,186.57,0.74
990,13,287.11,420.22,157.64,181.82,0.71
991,13,294.84,411.37,161.77,197.89,0.83
992,13,300.15,403.68,167.91,210.11,0.71
998,3,203.52,643.56,141.96,74.22,0.55
999,3,204.26,646.25,143.02,71.70,0.51
999,13,332.35,422.92,214.14,161.41,0.61
1000,13,338.15,418.29,221.03,154.05,0.78
1001,13,347.87,417.98,228.11,142.20,0.81
1002,13,359.15,417.76,233.32,129.11,0.82
1003,13,372.32,413.97,239.72,117.77,0.79
1004,13,383.02,409.74,240.82,106.42,0.69
1005,13,392.76,400.25,246.24,101.73,0.63
1006,13,399.52,390.08,254.00,101.27,0.57
1008,13,405.56,365.21,252.78,104.83,0.64
1009,13,405.38,354.05,261.53,102.12,0.70
1011,3,212.03,647.26,120.43,70.96,0.50
1013,3,221.15,646.35,109.94,71.04,0.57
1014,3,210.63,646.15,121.77,71.69,0.56
1015,3,210.62,646.08,120.88,71.91,0.63
1016,3,204.00,646.71,126.47,71.34,0.56
1017,3,202.21,646.95,129.19,70.45,0.55
1018,3,202.89,647.03,127.58,70.12,0.57
1019,3,207.18,647.72,122.92,69.33,0.57
1020,3,207.53,648.64,123.11,68.38,0.61
1021,3,207.02,648.31,124.49,68.70,0.64
1022,3,208.16,647.51,124.34,69.49,0.63
1023,3,206.63,647.87,126.24,69.13,0.59
1024,3,206.07,648.00,126.94,69.00,0.60
1025,3,205.87,648.04,127.19,68.96,0.56
1026,3,206.47,648.05,127.91,68.95,0.51
1027,3,209.34,648.05,126.20,68.95,0.53
1030,3,212.50,648.04,123.55,68.98,0.51
1034,3,208.64,648.91,105.19,67.22,0.60
1035,3,208.86,649.00,101.66,67.02,0.63
1036,3,207.53,649.03,101.29,66.95,0.64
1036,14,406.00,361.00,203.00,128.00,0.77
1037,3,205.72,649.04,103.94,67.59,0.64
1037,14,395.60,357.00,215.00,152.00,0.61
1038,3,204.40,649.70,113.62,66.52,0.58
1038,14,386.07,353.36,224.83,170.93,0.67
1039,3,204.57,650.62,115.91,65.45,0.56
1040,3,204.02,652.29,119.41,64.39,0.53
1054,3,202.98,595.98,122.95,122.04,0.51
1057,3,178.35,593.79,149.36,122.76,0.50
1083,3,161.93,595.76,164.93,121.01,0.57
1084,3,161.80,595.30,165.16,121.68,0.63
1085,3,162.42,595.82,165.89,121.23,0.61
1086,3,162.02,596.01,165.49,121.06,0.62
1087,3,162.54,596.07,165.97,121.00,0.66
1088,3,162.09,596.76,165.48,120.31,0.66
1089,3,161.93,597.00,165.27,120.05,0.65
1090,3,161.88,596.42,165.18,120.63,0.69
1091,3,161.88,596.85,165.14,120.19,0.67
1092,3,162.54,595.68,165.78,121.35,0.62
1093,3,162.14,595.24,165.35,121.79,0.63
1094,3,162.66,595.07,165.84,121.96,0.58
1095,3,162.86,596.33,165.35,120.69,0.52
1096,3,164.26,596.81,162.52,120.21,0.64
1097,3,164.79,596.98,161.44,120.04,0.65
1098,3,164.98,600.36,161.05,116.66,0.54
1113,3,160.08,577.40,124.54,136.70,0.53
1114,3,159.95,576.67,123.62,138.62,0.55
1115,3,159.21,575.14,122.58,139.31,0.54
1116,3,158.96,590.85,114.06,123.28,0.52
1123,3,160.47,577.76,167.61,138.16,0.57
1125,3,163.46,578.38,171.53,136.78,0.62
1126,3,166.54,590.21,169.17,126.03,0.53
1128,3,172.52,611.67,128.31,104.38,0.55
1130,3,176.72,619.22,149.80,97.09,0.55
1131,3,184.21,623.85,145.21,92.60,0.51
1133,3,189.61,634.41,140.83,83.00,0.59
1134,3,192.78,639.87,136.61,77.64,0.50
1136,3,201.88,647.44,125.64,71.08,0.58
1138,3,210.15,650.37,122.49,66.80,0.52
1148,15,637.00,347.00,157.00,215.00,0.72
1149,15,633.80,344.60,167.40,243.80,0.72
1151,15,594.75,349.36,215.18,280.15,0.55
1152,15,576.58,356.56,233.73,288.51,0.82
1153,15,556.18,379.79,250.13,280.59,0.81
1154,15,534.46,409.09,263.03,258.87,0.71
1155,15,505.87,442.58,281.60,229.96,0.75
1156,15,485.49,475.16,287.27,204.55,0.85
1157,15,479.25,503.28,279.85,182.48,0.84
1158,15,482.28,526.74,266.90,164.00,0.70
1159,15,483.01,548.58,260.52,147.62,0.78
1160,15,483.83,566.13,257.08,137.98,0.88
1161,15,485.32,577.97,252.14,131.15,0.90
1162,15,486.40,592.48,248.63,124.42,0.83
1163,15,484.56,602.07,249.72,115.53,0.58
