67,1,594.00,609.00,80.00,103.00,0.72
68,1,600.40,609.00,83.20,106.20,0.77
69,1,609.99,611.29,82.29,103.76,0.79
72,1,648.28,624.29,84.80,87.01,0.81
73,1,665.95,627.06,82.98,85.45,0.62
74,1,684.09,631.45,80.26,82.09,0.81
75,1,701.77,635.63,78.59,78.98,0.70
76,1,719.20,637.60,78.01,77.37,0.78
77,1,734.45,639.52,76.47,78.36,0.80
78,1,746.18,639.40,76.61,77.42,0.84
79,1,755.98,639.90,75.33,75.82,0.75
80,1,759.63,639.97,76.24,75.33,0.79
81,1,761.21,639.23,77.26,75.91,0.76
82,1,760.70,638.23,78.99,77.52,0.78
83,1,759.48,636.48,79.64,79.49,0.83
84,1,756.01,634.46,79.89,81.58,0.77
85,1,751.08,634.33,80.65,82.40,0.79
86,1,746.35,632.29,81.59,83.38,0.81
87,1,745.02,631.50,81.94,83.76,0.75
88,1,747.63,630.54,80.09,85.22,0.74
89,1,749.78,628.21,79.37,88.39,0.77
90,1,753.76,626.03,77.11,89.59,0.76
91,1,756.44,624.55,74.93,90.69,0.76
92,1,758.63,623.34,74.13,91.74,0.81
93,1,760.64,622.25,71.18,92.12,0.86
94,1,761.90,622.50,69.43,92.90,0.88
95,1,761.56,623.28,69.51,92.53,0.80
95,2,787.00,435.00,299.00,271.00,0.71
96,1,761.34,622.29,70.24,94.33,0.66
96,2,786.20,435.80,292.60,268.60,0.62
97,1,762.50,617.36,69.87,99.55,0.86
98,2,795.06,440.49,282.12,250.92,0.61
99,2,800.35,446.73,230.92,240.25,0.50
100,2,803.22,447.69,255.57,230.67,0.61
101,2,805.51,449.31,256.99,222.89,0.84
102,2,804.02,454.05,260.00,220.74,0.77
102,1,760.97,592.36,77.27,112.73,0.75
103,2,804.72,458.37,257.12,214.69,0.89
104,2,802.80,462.54,256.89,210.82,0.86
105,2,803.38,468.03,258.27,202.81,0.74
105,1,751.40,579.41,78.84,113.96,0.88
106,1,749.11,577.69,80.33,113.32,0.89
107,1,750.28,575.79,80.84,112.43,0.87
107,2,802.64,485.79,256.90,185.53,0.61
108,1,752.69,575.16,79.06,111.45,0.83
109,1,757.59,574.35,75.06,111.74,0.77
109,2,780.73,475.29,259.37,204.36,0.63
110,1,760.10,574.77,73.55,111.20,0.80
110,2,777.41,462.43,270.74,220.25,0.75
111,1,763.00,574.35,73.01,112.32,0.85
111,2,780.18,449.93,281.90,234.48,0.65
112,1,763.37,574.24,71.50,113.41,0.85
113,1,763.46,574.92,70.96,115.13,0.86
114,1,763.45,575.22,70.78,116.44,0.87
115,1,764.75,574.72,72.07,117.59,0.86
116,1,765.87,573.91,74.55,118.66,0.86
117,1,767.57,571.68,74.18,120.37,0.68
117,2,771.29,410.85,300.73,288.94,0.60
118,2,774.16,398.32,293.93,302.54,0.62
119,1,769.11,569.18,76.36,122.55,0.81
120,1,770.01,566.78,80.20,123.57,0.62
148,1,816.94,564.91,82.99,125.00,0.69
149,1,818.21,564.98,83.02,125.70,0.60
152,1,818.79,563.32,86.43,125.12,0.87
153,1,817.97,562.37,87.61,125.01,0.87
154,1,819.65,561.38,88.03,124.31,0.84
155,1,820.90,559.69,88.17,124.72,0.85
156,1,823.31,556.41,86.88,126.20,0.85
157,1,824.18,554.54,87.04,126.76,0.86
158,1,824.47,552.55,87.09,126.97,0.86
159,1,825.19,552.49,86.44,126.38,0.83
159,3,965.00,333.00,120.00,120.00,0.71
160,1,822.77,553.83,86.85,125.49,0.75
161,1,819.18,555.04,86.34,124.49,0.76
162,1,815.15,555.52,86.14,124.12,0.79
163,1,808.34,557.70,88.05,123.32,0.86
164,1,801.21,559.20,88.10,123.69,0.84
165,1,790.62,562.41,90.75,122.51,0.88
166,1,778.87,568.27,89.13,120.75,0.86
167,1,766.49,575.78,87.15,118.10,0.75
167,2,766.99,326.00,345.95,365.93,0.55
168,2,788.71,340.59,322.71,354.06,0.81
169,2,791.65,359.74,318.41,337.97,0.88
170,2,785.15,386.73,326.43,315.51,0.88
171,2,776.70,416.58,339.42,289.36,0.79
172,2,770.87,445.14,350.88,258.50,0.88
173,2,769.96,470.19,351.28,229.66,0.86
174,2,770.31,479.84,349.98,211.38,0.83
175,2,770.48,485.86,354.67,199.71,0.72
176,2,767.95,495.87,365.56,185.05,0.55
177,2,767.01,497.00,379.37,175.97,0.63
179,1,764.78,580.29,50.84,90.59,0.51
179,2,796.32,490.93,356.26,167.88,0.58
180,2,816.05,487.51,342.11,168.93,0.57
181,2,831.43,482.25,325.87,176.71,0.64
182,2,844.91,475.07,277.91,190.09,0.57
239,4,1051.00,326.00,94.00,83.00,0.79
240,4,1051.00,327.60,91.60,94.20,0.82
241,4,1044.78,327.16,98.13,104.40,0.57
242,4,1036.69,326.99,96.54,112.54,0.84
243,4,1022.96,326.25,95.71,121.54,0.86
244,4,1003.52,334.02,96.10,120.63,0.83
245,4,989.51,344.56,90.58,122.52,0.62
246,4,966.01,357.10,95.66,131.68,0.74
247,4,956.88,371.43,87.27,127.94,0.60
248,4,938.40,385.59,102.26,116.11,0.59
251,4,914.14,449.19,72.79,75.04,0.69
252,5,814.00,575.00,91.00,119.00,0.81
253,5,812.40,575.00,93.40,118.20,0.72
254,5,812.86,575.77,92.33,117.27,0.78
255,5,815.35,579.94,89.63,116.18,0.79
256,5,816.11,584.22,90.35,117.39,0.56
258,5,818.80,594.12,86.57,117.04,0.78
259,5,817.02,599.32,88.15,114.87,0.70
260,5,815.06,605.81,87.98,110.67,0.78
261,5,814.33,611.41,85.20,105.04,0.70
267,5,817.66,608.44,80.26,108.69,0.72
268,5,821.48,605.74,79.95,111.12,0.66
270,5,834.70,602.43,73.59,116.63,0.63
271,5,843.88,600.32,67.34,116.38,0.77
272,5,849.68,600.85,64.58,116.93,0.78
273,5,851.56,601.70,63.69,117.12,0.81
274,5,850.05,602.67,63.43,114.55,0.57
275,5,844.63,600.37,73.60,115.54,0.68
276,5,846.59,594.89,73.33,120.52,0.82
277,5,851.25,590.25,69.25,124.32,0.73
278,5,846.24,591.06,75.74,121.89,0.66
281,5,844.91,584.02,74.37,122.09,0.55
282,5,844.52,580.30,73.37,122.01,0.66
284,5,842.80,575.63,74.59,119.65,0.72
285,5,843.67,572.69,74.92,119.13,0.71
286,5,844.64,571.02,75.03,119.62,0.76
287,5,846.32,571.12,74.41,119.15,0.74
288,5,846.27,573.21,74.83,118.98,0.74
289,5,846.90,573.38,74.98,119.58,0.77
290,5,847.78,575.46,73.06,119.82,0.76
291,5,845.43,576.28,74.99,119.91,0.52
292,5,839.31,575.29,77.66,119.95,0.63
294,6,857.00,402.00,264.00,233.00,0.74
295,6,845.80,400.40,272.80,236.20,0.76
296,6,840.61,402.40,273.72,232.98,0.66
297,6,845.79,412.45,263.98,217.03,0.52
298,6,843.79,415.43,265.45,213.09,0.70
299,6,840.25,422.08,253.70,206.99,0.67
386,5,837.00,591.99,75.00,122.00,0.55
390,5,829.60,593.98,77.78,121.08,0.60
391,5,826.75,593.42,78.06,121.69,0.82
392,5,825.12,593.92,78.83,120.53,0.85
393,5,823.91,594.08,79.10,120.11,0.84
394,5,824.18,593.46,78.51,120.64,0.86
395,5,824.34,593.21,78.27,121.51,0.85
396,5,824.45,593.12,78.17,120.51,0.86
397,5,824.53,592.41,78.12,120.13,0.85
398,5,826.58,591.47,76.77,118.66,0.87
399,5,830.06,591.79,75.58,118.12,0.88
400,5,833.38,593.24,75.81,117.93,0.90
401,5,835.93,594.45,74.57,117.87,0.89
402,5,836.88,596.23,72.77,118.52,0.89
403,5,835.85,597.55,71.44,118.12,0.86
404,5,833.43,597.36,70.30,118.63,0.89
404,7,946.00,458.00,127.00,140.00,0.84
405,5,829.83,598.60,69.90,117.51,0.88
405,7,938.00,481.20,135.00,129.60,0.53
406,5,825.83,602.37,71.11,113.77,0.88
407,5,822.37,605.10,72.90,110.36,0.89
408,5,820.45,608.77,72.93,107.78,0.88
409,5,821.74,613.43,70.30,103.51,0.86
410,5,826.32,621.20,67.29,95.19,0.82
411,5,831.43,628.81,66.20,87.37,0.66
412,5,835.97,636.95,64.48,77.73,0.79
413,5,841.69,642.42,61.85,72.45,0.80
414,5,845.78,647.62,60.93,68.77,0.70
414,7,855.66,459.14,259.01,254.23,0.57
415,5,847.20,649.86,61.32,67.02,0.68
416,7,846.41,462.43,276.24,254.37,0.51
418,5,833.17,649.25,63.48,69.17,0.72
419,5,828.11,649.38,65.29,68.65,0.54
420,5,823.71,649.40,65.27,67.76,0.71
421,5,820.75,650.71,65.24,66.07,0.57
421,7,849.44,486.55,272.49,220.84,0.52
422,5,818.37,652.50,67.85,64.75,0.56
423,7,826.62,477.83,300.30,234.28,0.61
424,7,829.69,476.48,296.43,234.62,0.59
425,7,834.26,473.95,291.57,236.02,0.68
426,7,832.81,472.30,291.62,237.15,0.58
427,7,838.88,469.01,285.05,238.19,0.68
427,5,809.17,652.42,66.23,65.90,0.63
428,7,839.95,465.77,281.82,241.81,0.57
428,5,806.48,650.22,67.40,67.38,0.73
429,7,849.00,463.23,270.01,243.14,0.66
429,5,805.59,647.51,67.78,69.85,0.77
430,7,851.11,460.95,265.54,246.21,0.53
430,5,806.63,643.89,66.60,72.71,0.71
431,7,858.57,458.14,257.26,240.13,0.66
431,5,811.09,640.57,68.15,75.09,0.81
432,7,876.16,455.10,240.09,239.69,0.59
432,5,819.98,634.13,66.10,81.15,0.80
433,5,825.46,630.40,63.30,86.00,0.82
434,5,826.81,626.43,62.95,89.78,0.85
434,7,884.93,443.71,228.78,248.67,0.65
435,5,829.27,622.99,61.49,93.78,0.86
435,7,886.89,439.33,226.58,252.51,0.64
436,5,831.49,619.78,60.30,95.94,0.85
436,7,889.56,433.18,221.80,257.16,0.54
437,5,832.93,617.29,60.56,98.64,0.86
438,5,834.75,613.82,60.01,101.55,0.86
439,5,836.71,611.25,61.16,103.90,0.86
440,5,837.39,607.10,62.26,107.31,0.87
441,5,839.57,603.64,62.69,112.41,0.87
442,5,841.67,599.17,63.52,117.52,0.85
444,5,846.49,590.53,64.67,108.70,0.52
445,5,857.44,585.51,59.57,98.92,0.56
551,8,877.00,581.00,67.00,120.00,0.83
552,8,875.40,581.80,68.60,119.20,0.82
553,8,874.33,582.73,68.14,119.82,0.88
554,8,872.41,583.81,67.21,119.25,0.85
555,8,870.33,584.12,67.68,119.05,0.83
556,8,868.27,584.19,69.31,118.99,0.79
557,8,866.22,584.19,69.87,118.97,0.81
558,8,864.87,584.86,70.06,118.28,0.85
559,8,864.45,584.40,70.11,119.40,0.84
560,8,864.37,584.89,70.79,117.79,0.84
561,8,864.39,585.06,71.04,117.86,0.83
562,8,864.45,585.79,69.78,117.90,0.83
563,8,864.52,587.38,66.61,117.25,0.81
564,8,862.56,587.96,65.42,118.35,0.75
565,8,860.53,588.16,66.35,118.77,0.78
566,8,859.15,588.88,66.04,118.26,0.85
567,8,858.01,589.13,65.26,118.07,0.85
568,8,856.97,590.53,64.98,117.34,0.76
569,8,856.62,589.04,64.89,119.06,0.54
570,8,856.53,589.79,64.87,119.04,0.64
571,8,857.20,591.38,64.87,117.71,0.79
572,8,856.16,591.97,64.88,117.21,0.74
573,8,856.46,592.17,64.23,117.02,0.79
574,8,856.61,592.22,63.99,116.96,0.77
575,8,856.68,592.23,63.91,116.94,0.77
576,8,856.73,590.89,63.89,118.92,0.71
577,8,856.77,591.69,64.56,119.67,0.76
578,8,857.46,593.96,64.81,117.98,0.79
579,8,857.73,594.81,64.91,117.98,0.80
580,8,857.18,597.10,65.62,117.99,0.86
581,8,860.27,597.94,65.22,117.33,0.85
582,8,864.10,600.88,63.75,115.09,0.82
583,8,870.21,603.95,61.19,111.59,0.82
584,8,874.49,608.41,60.25,107.61,0.81
585,8,878.02,612.03,59.92,103.47,0.80
586,8,877.92,614.64,59.15,102.01,0.77
586,9,941.00,446.00,191.00,211.00,0.71
587,8,874.46,615.51,58.88,101.53,0.80
587,9,936.20,447.60,198.20,211.80,0.78
588,8,868.45,617.10,59.47,98.72,0.81
588,9,933.76,450.99,201.86,203.49,0.71
589,8,860.89,616.93,61.69,99.78,0.54
589,9,929.09,454.50,208.48,207.86,0.67
590,9,919.58,458.45,218.60,216.04,0.62
591,9,912.23,460.38,226.11,223.74,0.63
592,9,905.66,461.62,234.05,233.95,0.61
593,9,899.42,463.32,242.12,238.25,0.67
594,9,894.62,463.19,247.57,232.98,0.67
595,9,885.78,463.69,256.62,229.36,0.74
596,9,876.73,464.46,266.37,226.53,0.76
597,9,872.11,465.35,269.94,220.69,0.74
598,9,870.56,464.26,269.75,215.06,0.75
599,9,872.16,461.76,266.13,214.30,0.73
600,9,877.62,458.80,256.60,214.70,0.64
601,9,885.93,456.34,245.38,216.19,0.61
602,9,893.92,453.42,234.97,220.73,0.66
603,9,896.30,447.73,230.38,227.70,0.64
604,9,900.57,441.01,222.63,234.24,0.69
605,9,906.93,434.57,214.36,242.55,0.68
606,9,911.30,427.62,206.63,248.28,0.64
790,10,943.00,532.00,55.00,101.00,0.71
791,10,942.20,532.00,55.00,101.80,0.56
857,10,947.00,557.00,49.00,96.00,0.61
858,10,943.35,559.27,49.71,97.41,0.76
859,10,938.03,562.77,52.73,99.95,0.52
860,10,933.42,566.77,55.86,101.56,0.69
860,11,1004.00,326.00,71.00,199.00,0.71
861,10,930.41,572.27,55.01,102.80,0.73
861,11,993.60,340.40,68.60,187.80,0.83
862,10,928.03,577.60,55.27,101.88,0.67
862,11,983.00,369.92,68.13,176.18,0.85
863,11,969.36,405.90,69.55,149.85,0.84
864,11,961.71,439.79,66.27,118.56,0.77
867,10,909.70,599.48,54.16,75.27,0.53
867,11,960.52,507.66,71.40,67.50,0.65
868,11,961.55,521.75,73.51,59.24,0.60
878,12,945.00,459.00,150.00,140.00,0.70
879,12,943.40,460.60,150.00,145.60,0.59
880,12,935.38,465.47,153.08,147.43,0.64
881,12,930.38,474.07,152.58,139.61,0.61
885,12,976.36,492.79,112.41,103.79,0.52
886,12,969.17,491.36,122.13,107.66,0.50
887,12,872.64,489.17,213.65,188.56,0.51
888,12,844.18,487.79,240.48,215.31,0.59
889,12,868.92,490.97,211.42,181.78,0.54
890,12,842.17,500.86,240.81,202.68,0.62
891,12,831.57,508.68,254.14,204.78,0.62
893,12,821.23,522.98,247.02,195.43,0.58
898,12,785.96,507.22,297.72,210.42,0.57
903,12,766.09,480.51,296.61,236.49,0.72
904,12,764.60,474.91,296.75,240.81,0.64
