112,1,627.00,645.00,91.00,69.00,0.80
113,1,633.40,636.20,97.40,78.60,0.86
114,1,641.39,630.15,100.11,83.32,0.87
115,1,649.54,623.45,101.84,90.26,0.85
116,1,654.95,615.63,105.27,92.59,0.87
117,1,660.78,607.43,107.78,96.68,0.85
118,1,666.06,601.93,108.59,100.06,0.87
119,1,669.79,596.76,112.86,102.53,0.83
120,1,674.31,592.38,115.70,103.33,0.84
121,1,679.77,589.62,119.33,101.51,0.84
122,1,684.30,584.18,122.60,101.33,0.87
123,1,686.51,579.68,130.27,103.14,0.70
124,1,689.16,574.22,135.71,106.38,0.70
125,1,693.88,570.34,139.68,110.80,0.64
126,1,697.50,566.42,139.84,114.37,0.65
127,1,700.68,563.78,137.17,122.77,0.57
128,1,701.73,562.85,135.99,125.33,0.63
129,1,701.32,562.04,135.45,124.31,0.72
183,2,921.00,524.00,36.00,36.00,0.72
184,2,916.20,537.60,36.80,33.60,0.66
185,2,914.52,549.73,34.66,33.92,0.59
186,2,909.15,534.79,63.52,62.18,0.60
187,2,905.71,530.47,75.84,77.65,0.66
188,2,904.14,531.79,75.97,84.86,0.60
189,2,901.20,530.92,84.09,92.09,0.62
190,2,903.04,531.23,79.45,96.61,0.70
191,2,906.00,530.87,78.43,99.90,0.73
192,2,907.26,528.96,80.27,104.55,0.76
193,2,909.08,528.84,80.16,106.19,0.78
194,2,909.25,526.39,82.33,110.18,0.63
195,2,908.73,524.82,84.26,116.50,0.76
196,2,909.19,524.22,84.19,120.09,0.80
196,3,690.00,593.00,134.00,110.00,0.86
197,3,693.20,588.20,130.80,108.40,0.81
198,3,693.82,582.62,128.63,113.51,0.87
198,2,910.01,526.45,82.89,120.56,0.52
199,3,694.02,579.24,129.49,108.37,0.87
200,3,691.06,575.32,132.06,106.44,0.76
201,3,686.50,576.43,128.60,105.86,0.85
201,2,907.23,565.09,71.82,87.95,0.60
202,3,688.51,576.23,110.94,107.85,0.88
202,2,907.25,571.53,69.50,84.28,0.73
203,3,691.62,576.92,93.57,107.88,0.78
203,2,908.63,574.07,66.73,83.94,0.73
204,3,693.42,580.00,77.78,105.85,0.74
204,2,910.48,574.79,65.80,83.21,0.68
205,3,696.29,588.73,65.88,103.74,0.52
205,2,911.10,574.16,65.52,83.06,0.60
206,3,694.68,599.42,69.52,103.68,0.59
206,2,911.30,574.44,63.43,81.73,0.65
207,2,911.33,575.08,61.36,82.02,0.69
208,2,910.62,577.90,59.99,79.49,0.72
209,2,908.30,580.17,59.55,77.26,0.70
210,2,906.09,581.56,58.09,75.17,0.60
211,2,899.83,583.32,63.06,72.44,0.77
212,2,893.08,585.90,70.67,70.17,0.79
213,2,886.72,586.71,76.74,69.44,0.79
214,2,879.17,586.24,82.96,70.61,0.76
215,2,871.82,585.34,89.18,73.09,0.80
216,2,865.18,584.95,94.77,77.35,0.82
217,2,856.96,584.77,101.35,80.27,0.79
218,2,850.62,585.95,106.43,81.41,0.65
219,2,838.15,585.72,115.93,83.81,0.57
220,2,827.69,588.84,123.36,84.07,0.62
221,2,820.45,594.58,127.55,82.20,0.76
222,2,815.78,598.71,129.76,80.80,0.60
223,2,810.28,601.53,132.43,82.26,0.67
224,2,808.90,605.80,129.57,82.14,0.54
225,2,807.93,613.94,126.33,80.11,0.67
226,2,810.36,623.59,120.39,71.34,0.55
227,2,798.89,628.45,125.31,70.09,0.65
228,2,790.23,634.79,129.02,69.00,0.53
231,2,772.03,593.70,146.08,122.01,0.54
232,2,769.81,577.79,145.20,139.75,0.60
233,2,763.24,564.82,146.13,153.90,0.79
234,2,755.67,556.26,147.10,162.25,0.75
235,2,750.32,550.91,151.99,168.60,0.85
236,2,747.12,546.96,153.17,171.63,0.80
239,2,741.63,537.10,155.78,178.12,0.62
247,2,739.81,550.88,153.13,164.73,0.84
248,2,739.51,553.28,150.89,161.81,0.81
249,2,737.40,558.07,152.17,156.85,0.70
250,2,746.58,560.46,141.40,151.70,0.51
251,2,742.71,565.35,147.50,148.53,0.61
252,2,740.70,567.07,152.27,146.79,0.67
253,2,740.62,567.62,154.10,146.24,0.56
257,2,740.67,567.47,158.47,146.72,0.61
258,2,737.39,566.55,160.31,147.67,0.55
259,2,734.29,566.24,160.94,148.66,0.56
260,2,732.48,566.12,161.82,149.02,0.64
261,2,730.52,567.39,159.51,147.16,0.58
262,2,733.12,567.87,150.00,145.78,0.53
263,2,745.67,568.70,134.87,144.59,0.52
263,4,701.00,647.00,59.00,39.00,0.71
264,2,754.51,573.66,123.08,130.19,0.57
264,4,701.00,647.00,58.20,39.00,0.71
265,2,741.34,574.85,131.79,130.90,0.72
266,2,735.71,578.60,137.28,133.17,0.79
267,2,744.12,582.61,128.89,123.42,0.63
270,2,761.83,592.79,117.58,102.11,0.60
302,2,825.91,602.00,88.07,104.99,0.53
306,5,889.00,438.00,83.00,64.00,0.76
307,5,859.40,443.60,110.20,77.60,0.80
308,5,828.99,451.84,139.49,90.90,0.85
309,5,793.04,466.81,163.90,97.48,0.85
310,5,756.53,489.00,186.48,98.97,0.82
311,5,728.78,517.57,207.22,93.68,0.79
312,5,712.97,550.57,207.31,84.37,0.73
313,5,675.24,573.61,242.43,94.99,0.59
316,2,827.22,533.14,92.94,152.27,0.53
319,2,760.29,523.06,173.50,185.87,0.51
372,6,897.00,331.00,43.00,75.00,0.76
373,6,897.80,354.20,42.20,67.80,0.73
374,6,895.63,374.72,45.92,66.37,0.82
375,6,892.66,394.54,52.39,69.13,0.83
376,6,887.53,408.93,59.42,72.20,0.85
377,6,879.07,418.10,70.50,80.29,0.81
378,6,868.31,427.05,81.65,83.80,0.84
379,6,852.32,437.79,98.36,86.33,0.81
380,6,843.24,446.01,109.48,85.21,0.70
381,6,829.27,454.53,126.68,86.58,0.81
382,6,816.35,461.96,142.73,87.02,0.79
383,6,805.57,472.23,154.21,86.43,0.81
384,6,797.54,481.64,169.71,88.09,0.86
385,6,788.91,496.62,178.43,82.79,0.81
386,6,782.45,513.26,192.18,78.55,0.79
387,6,773.85,533.11,196.42,78.98,0.71
388,6,766.18,555.25,206.50,79.13,0.76
389,6,761.40,576.35,209.12,83.82,0.70
391,6,748.85,545.76,207.48,163.03,0.54
392,6,752.71,538.64,196.12,181.91,0.57
393,6,755.47,528.68,189.47,195.55,0.60
395,6,757.97,523.89,190.21,200.49,0.75
396,6,755.25,524.38,193.53,198.14,0.62
397,6,754.97,523.18,198.65,196.65,0.60
398,6,734.07,523.12,224.03,194.14,0.50
407,6,727.32,532.91,242.33,184.41,0.54
417,6,775.09,545.66,186.00,169.44,0.56
418,6,759.67,546.43,202.69,168.83,0.54
420,6,777.55,546.72,186.82,169.55,0.58
430,6,816.40,557.00,147.94,154.46,0.55
457,7,930.00,432.00,36.00,50.00,0.70
